2023-07-30,01,15.114,14.915,15.329,15.123,14.923,15.338,15.180,15.030,15.410,15.182,15.030,15.420,12.550,12.447,12.655,15.094,80.996,0.000,0.000,322.763,380.647,-52.901,0.000,0.000,317.377,0.000,7007.833,-999.000,-999.000,-999.000,100.849,0.200,0.200,4.574,7.550,219.904,3.213,5.500,218.778,0.752,18.316,18.187,18.433,18.623,18.569,18.671,18.194,18.173,18.213,-999.000,-999.000,-999.000,15.025,13.170,14.761,14.614,14.939,-999.000,-999.000,-999.000,-999.000,-999.000,-999.000,18.418,18.396,18.437,-3.541,-1.499,-3.300,-34.525,0.211,0.289,0.254,0.651,0.239,0.314,0.361,0.637,0.440,,,,,,,,
2023-07-30,02,14.719,14.600,14.918,14.731,14.615,14.933,14.822,14.690,15.020,14.817,14.670,15.000,12.480,12.315,12.622,14.714,82.685,0.000,0.000,326.430,379.995,-48.533,0.000,0.000,321.298,0.000,7069.533,-999.000,-999.000,-999.000,100.873,0.200,0.200,4.687,6.970,218.373,3.280,6.010,217.567,0.751,18.071,17.932,18.177,18.541,18.473,18.582,18.201,18.178,18.230,-999.000,-999.000,-999.000,15.023,13.177,14.479,14.380,14.611,-999.000,-999.000,-999.000,-999.000,-999.000,-999.000,18.420,18.400,18.440,-4.107,-1.733,-3.980,-32.747,0.210,0.288,0.254,0.650,0.239,0.314,0.361,0.637,0.439,,,,,,,,
2023-07-30,03,14.771,14.629,14.948,14.769,14.600,14.953,14.838,14.660,15.030,14.827,14.610,15.040,12.810,12.589,12.902,14.744,84.445,0.000,0.000,330.957,381.628,-45.870,0.000,0.000,325.958,0.000,7016.383,-999.000,-999.000,-999.000,100.874,0.200,0.200,5.454,8.270,217.605,3.998,6.980,216.693,0.751,17.829,17.722,17.946,18.455,18.397,18.510,18.181,18.154,18.206,-999.000,-999.000,-999.000,15.021,13.183,14.396,14.369,14.422,-999.000,-999.000,-999.000,-999.000,-999.000,-999.000,18.413,18.393,18.433,-4.537,-1.841,-4.487,-29.440,0.210,0.287,0.253,0.650,0.239,0.314,0.361,0.637,0.438,,,,,,,,
2023-07-30,04,14.605,14.389,14.861,14.595,14.370,14.859,14.675,14.520,14.940,14.662,14.480,14.920,12.842,12.561,13.549,14.585,89.177,0.295,0.000,330.217,381.700,-45.978,0.327,0.000,325.317,0.000,6622.533,-999.000,-999.000,-999.000,100.875,0.200,0.200,4.561,7.480,218.926,3.219,5.830,217.375,0.750,17.639,17.558,17.730,18.362,18.304,18.420,18.167,18.148,18.193,-999.000,-999.000,-999.000,15.024,13.183,14.404,14.353,14.469,-999.000,-999.000,-999.000,-999.000,-999.000,-999.000,18.418,18.394,18.438,-4.811,-1.967,-4.834,-27.472,0.210,0.287,0.253,0.650,0.238,0.313,0.361,0.637,0.437,,,,,,,,
2023-07-30,05,15.345,14.896,15.773,15.346,14.918,15.771,15.391,14.960,15.830,15.388,14.950,15.790,14.209,13.448,14.831,15.327,89.600,18.078,0.689,369.562,389.302,-0.341,18.235,0.000,365.330,0.000,6409.500,-999.000,-999.000,-999.000,100.910,0.200,0.200,4.396,6.870,217.278,3.268,6.360,215.953,0.750,17.493,17.439,17.555,18.273,18.219,18.324,18.140,18.109,18.164,-999.000,-999.000,-999.000,15.023,13.176,14.859,14.468,15.322,-999.000,-999.000,-999.000,-999.000,-999.000,-999.000,18.411,18.387,18.442,-4.915,-2.022,-5.046,-19.167,0.210,0.286,0.253,0.650,0.238,0.313,0.361,0.637,0.436,,,,,,,,
2023-07-30,06,15.969,15.766,16.135,15.965,15.760,16.102,16.015,15.830,16.200,16.004,15.800,16.190,15.451,14.858,16.206,15.969,88.303,79.473,15.646,377.423,395.387,45.864,79.239,0.111,373.652,0.000,6394.750,-999.000,-999.000,-999.000,100.947,0.200,0.200,5.081,7.610,210.494,3.761,6.440,209.603,0.749,17.452,17.429,17.474,18.176,18.131,18.229,18.117,18.074,18.149,-999.000,-999.000,-999.000,15.020,13.182,15.785,15.325,16.264,-999.000,-999.000,-999.000,-999.000,-999.000,-999.000,18.416,18.391,18.439,-4.583,-1.930,-4.725,-7.661,0.210,0.286,0.252,0.650,0.238,0.313,0.360,0.637,0.436,,,,,,,,
2023-07-30,07,16.473,16.128,16.903,16.475,16.101,16.879,16.508,16.160,16.950,16.499,16.140,16.940,16.950,16.209,18.151,16.453,87.053,196.188,47.661,363.307,401.567,110.268,183.895,23.784,360.100,0.000,6211.000,-999.000,-999.000,-999.000,100.965,0.200,0.200,5.472,9.230,215.420,4.192,7.940,215.179,0.749,17.500,17.455,17.565,18.099,18.057,18.160,18.088,18.058,18.120,-999.000,-999.000,-999.000,15.027,13.185,16.914,16.290,17.618,-999.000,-999.000,-999.000,-999.000,-999.000,-999.000,18.427,18.396,18.449,-3.756,-1.639,-3.782,2.913,0.210,0.285,0.252,0.651,0.238,0.312,0.360,0.638,0.437,,,,,,,,
2023-07-30,08,16.962,16.770,17.275,16.971,16.788,17.287,17.041,16.840,17.380,17.033,16.840,17.360,17.735,17.230,18.254,16.953,83.345,197.783,46.242,373.813,403.963,121.390,192.160,6.665,371.117,0.000,6316.283,-999.000,-999.000,-999.000,100.981,0.200,0.200,5.958,11.790,218.398,4.536,9.300,217.637,0.749,17.629,17.559,17.701,18.032,18.008,18.062,18.078,18.042,18.108,-999.000,-999.000,-999.000,15.020,13.184,17.959,17.678,18.160,-999.000,-999.000,-999.000,-999.000,-999.000,-999.000,18.431,18.404,18.475,-2.633,-1.163,-2.376,11.130,0.210,0.285,0.252,0.651,0.238,0.312,0.360,0.638,0.439,,,,,,,,
2023-07-30,09,17.693,17.166,18.363,17.692,17.175,18.401,17.712,17.230,18.450,17.701,17.210,18.460,19.194,17.815,21.537,17.643,78.958,356.622,87.310,375.688,410.903,234.097,284.835,97.667,372.578,2.111,6600.633,-999.000,-999.000,-999.000,101.001,0.200,0.200,7.563,13.740,222.886,5.727,11.670,222.176,0.749,17.747,17.680,17.835,17.992,17.948,18.024,18.026,17.996,18.056,-999.000,-999.000,-999.000,15.035,13.191,19.147,18.160,19.983,-999.000,-999.000,-999.000,-999.000,-999.000,-999.000,18.435,18.404,18.467,-1.524,-0.625,-0.966,20.180,0.210,0.285,0.251,0.651,0.238,0.312,0.360,0.638,0.441,,,,,,,,
2023-07-30,10,18.416,17.730,19.407,18.414,17.741,19.402,18.456,17.760,19.480,18.437,17.740,19.490,20.429,18.751,22.845,18.382,74.081,428.575,104.565,378.203,416.627,285.586,340.999,97.267,375.242,2.055,6629.150,-999.000,-999.000,-999.000,101.026,0.200,0.200,7.628,11.460,228.872,5.851,10.250,228.672,0.748,17.935,17.825,18.047,17.963,17.917,18.005,18.001,17.966,18.041,-999.000,-999.000,-999.000,15.037,13.191,20.578,19.623,21.559,-999.000,-999.000,-999.000,-999.000,-999.000,-999.000,18.446,18.415,18.480,-0.433,-0.065,0.600,31.461,0.209,0.284,0.250,0.651,0.238,0.311,0.360,0.638,0.443,,,,,,,,
2023-07-30,11,18.692,17.863,19.883,18.690,17.858,19.865,18.731,17.910,19.790,18.714,17.880,19.790,20.771,18.153,24.935,18.659,71.536,463.747,112.555,379.108,418.942,311.359,309.840,173.283,375.092,2.444,6783.283,-999.000,-999.000,-999.000,101.059,0.200,0.200,7.134,12.140,230.003,5.503,10.600,229.745,0.748,18.144,18.034,18.237,17.953,17.925,17.983,17.974,17.942,17.994,-999.000,-999.000,-999.000,15.026,13.197,21.343,20.524,22.891,-999.000,-999.000,-999.000,-999.000,-999.000,-999.000,18.433,18.409,18.483,0.721,0.518,2.203,31.917,0.210,0.284,0.249,0.650,0.238,0.311,0.359,0.637,0.445,,,,,,,,
2023-07-30,12,20.021,19.071,20.936,20.008,19.075,20.896,20.105,19.140,20.950,20.072,19.090,20.920,22.915,20.903,25.212,19.998,63.043,618.942,152.084,379.667,429.148,417.377,365.147,283.280,373.217,3.416,7028.450,-999.000,-999.000,-999.000,101.095,0.200,0.200,7.790,14.340,246.564,6.232,11.580,246.101,0.748,18.396,18.222,18.599,17.963,17.927,17.994,17.950,17.913,17.979,-999.000,-999.000,-999.000,15.034,13.190,23.677,22.673,24.796,-999.000,-999.000,-999.000,-999.000,-999.000,-999.000,18.441,18.389,18.478,1.850,1.101,3.716,57.235,0.210,0.284,0.249,0.649,0.238,0.311,0.359,0.636,0.449,,,,,,,,
2023-07-30,13,20.251,19.619,21.197,20.223,19.610,21.165,20.273,19.630,21.400,20.243,19.610,21.400,22.620,20.753,25.668,20.166,60.038,576.339,143.149,380.615,428.645,385.160,356.609,251.541,374.363,3.000,7244.750,-999.000,-999.000,-999.000,101.132,0.200,0.200,7.491,13.090,253.812,5.839,11.380,254.034,0.747,18.750,18.610,18.883,17.992,17.962,18.033,17.934,17.892,17.965,-999.000,-999.000,-999.000,15.031,13.185,24.448,23.798,25.304,-999.000,-999.000,-999.000,-999.000,-999.000,-999.000,18.442,18.412,18.469,3.519,1.944,5.807,54.123,0.210,0.284,0.248,0.648,0.239,0.311,0.359,0.635,0.452,,,,,,,,
2023-07-30,14,20.647,19.847,21.603,20.622,19.799,21.578,20.702,19.830,21.660,20.671,19.780,21.630,23.117,20.110,25.486,20.612,56.537,616.384,153.286,367.470,431.015,399.553,257.960,425.136,357.278,5.861,7250.550,-999.000,-999.000,-999.000,101.147,0.200,0.200,8.078,15.520,255.990,6.281,11.510,255.117,0.747,19.009,18.883,19.117,18.047,17.999,18.079,17.906,17.885,17.935,-999.000,-999.000,-999.000,15.033,13.177,25.272,24.627,25.881,-999.000,-999.000,-999.000,-999.000,-999.000,-999.000,18.439,18.400,18.463,4.512,2.585,6.801,55.838,0.210,0.284,0.246,0.647,0.239,0.311,0.359,0.633,0.454,,,,,,,,
2023-07-30,15,20.644,19.908,21.275,20.631,19.922,21.239,20.682,19.980,21.420,20.662,19.950,21.390,22.207,19.522,24.642,20.598,53.926,485.565,122.208,369.107,425.760,306.703,240.860,317.826,360.718,4.556,7158.717,-999.000,-999.000,-999.000,101.152,0.200,0.200,8.419,13.420,251.745,6.415,12.780,251.842,0.747,19.249,19.127,19.337,18.098,18.049,18.145,17.909,17.889,17.938,-999.000,-999.000,-999.000,15.031,13.180,25.521,24.660,26.212,-999.000,-999.000,-999.000,-999.000,-999.000,-999.000,18.437,18.407,18.465,4.975,2.987,7.292,51.084,0.210,0.283,0.245,0.645,0.239,0.311,0.359,0.632,0.456,,,,,,,,
2023-07-30,16,20.231,19.985,20.927,20.222,19.949,20.938,20.249,20.010,20.900,20.235,20.000,20.880,20.529,19.428,23.110,20.195,54.042,341.304,85.496,365.323,417.555,203.577,291.312,75.502,360.700,1.944,7455.967,-999.000,-999.000,-999.000,101.149,0.200,0.200,7.985,14.030,255.797,6.388,11.860,254.357,0.746,19.273,19.223,19.328,18.181,18.125,18.231,17.899,17.874,17.924,-999.000,-999.000,-999.000,15.029,13.203,24.245,23.839,25.021,-999.000,-999.000,-999.000,-999.000,-999.000,-999.000,18.416,18.380,18.457,4.282,3.023,6.813,25.086,0.210,0.283,0.244,0.644,0.239,0.311,0.358,0.631,0.456,,,,,,,,
2023-07-30,17,19.942,19.440,20.363,19.934,19.464,20.323,19.952,19.480,20.370,19.939,19.480,20.340,19.965,18.933,21.078,19.909,58.977,232.422,56.317,371.370,413.948,133.527,211.087,36.656,367.000,0.639,7282.550,-999.000,-999.000,-999.000,101.137,0.200,0.200,6.298,10.530,251.088,4.932,9.210,250.961,0.746,19.168,19.093,19.223,18.235,18.195,18.296,17.912,17.883,17.933,-999.000,-999.000,-999.000,15.026,13.189,23.486,22.946,23.984,-999.000,-999.000,-999.000,-999.000,-999.000,-999.000,18.425,18.383,18.461,2.997,2.635,5.413,16.975,0.209,0.283,0.244,0.643,0.239,0.311,0.358,0.630,0.455,,,,,,,,
2023-07-30,18,18.044,17.500,19.433,18.051,17.528,19.445,18.085,17.580,19.460,18.077,17.570,19.470,16.766,15.993,18.851,18.014,74.758,64.495,11.094,387.172,401.130,39.757,65.340,0.052,380.895,0.000,7574.833,-999.000,-999.000,-999.000,101.139,0.200,0.200,7.156,15.730,244.934,5.496,12.270,244.786,0.746,19.038,18.962,19.121,18.295,18.255,18.328,17.916,17.890,17.958,-999.000,-999.000,-999.000,15.035,13.202,21.678,20.599,22.918,-999.000,-999.000,-999.000,-999.000,-999.000,-999.000,18.407,18.371,18.450,2.091,2.286,4.190,-7.529,0.208,0.283,0.243,0.643,0.239,0.311,0.358,0.630,0.453,,,,,,,,
2023-07-30,19,16.920,16.181,17.510,16.926,16.176,17.525,16.973,16.290,17.590,16.953,16.250,17.570,15.852,15.455,16.088,16.904,83.502,14.740,0.197,391.835,396.817,11.533,15.413,0.000,385.917,0.000,7596.517,-999.000,-999.000,-999.000,101.139,0.200,0.200,6.770,11.910,222.551,5.117,10.290,221.866,0.746,18.814,18.671,18.969,18.314,18.275,18.343,17.937,17.910,17.975,-999.000,-999.000,-999.000,15.038,13.204,19.889,19.327,20.550,-999.000,-999.000,-999.000,-999.000,-999.000,-999.000,18.411,18.376,18.455,0.998,1.831,2.629,-22.078,0.208,0.283,0.243,0.644,0.239,0.311,0.358,0.631,0.450,,,,,,,,
2023-07-30,20,15.968,15.833,16.132,15.961,15.811,16.140,16.037,15.940,16.250,16.013,15.890,16.230,15.262,15.154,15.439,15.974,92.527,0.723,0.000,392.115,393.540,2.773,1.344,0.000,385.065,0.000,7039.567,-999.000,-999.000,-999.000,101.129,0.200,0.200,5.601,9.450,208.692,4.238,7.280,207.968,0.746,18.557,18.432,18.661,18.313,18.270,18.352,17.945,17.915,17.974,-999.000,-999.000,-999.000,15.032,13.194,18.633,18.015,19.298,-999.000,-999.000,-999.000,-999.000,-999.000,-999.000,18.396,18.352,18.426,-0.144,1.203,1.066,-27.180,0.208,0.282,0.243,0.644,0.239,0.311,0.358,0.631,0.447,,,,,,,,
2023-07-30,21,15.574,15.237,15.856,15.564,15.222,15.871,15.645,15.310,15.960,15.632,15.280,15.960,14.883,14.465,15.197,15.595,93.398,0.000,0.000,390.595,391.742,1.651,0.000,0.000,381.753,0.000,7311.083,-999.000,-999.000,-999.000,101.091,0.200,0.200,5.182,8.040,212.789,3.973,7.360,211.416,0.746,18.309,18.196,18.432,18.308,18.272,18.338,17.945,17.927,17.965,-999.000,-999.000,-999.000,15.034,13.205,17.577,17.174,18.008,-999.000,-999.000,-999.000,-999.000,-999.000,-999.000,18.378,18.341,18.411,-0.996,0.584,-0.251,-30.292,0.208,0.284,0.243,0.644,0.238,0.312,0.358,0.632,0.445,,,,,,,,
2023-07-30,22,14.826,14.346,15.234,14.818,14.310,15.192,14.904,14.450,15.260,14.881,14.400,15.250,14.197,13.837,14.462,14.855,93.617,0.000,0.000,391.372,388.137,5.967,0.000,0.000,380.430,0.000,7076.450,-999.000,-999.000,-999.000,101.072,0.200,0.200,4.030,6.750,208.315,3.090,6.310,205.703,0.745,18.112,18.005,18.216,18.256,18.218,18.295,17.965,17.939,17.993,-999.000,-999.000,-999.000,15.024,13.194,16.876,16.599,17.167,-999.000,-999.000,-999.000,-999.000,-999.000,-999.000,18.377,18.353,18.396,-1.687,0.088,-1.321,-30.791,0.208,0.291,0.243,0.643,0.239,0.313,0.360,0.634,0.444,,,,,,,,
2023-07-30,23,14.210,14.091,14.362,14.190,14.086,14.321,14.311,14.170,14.450,14.273,14.170,14.400,13.777,13.610,13.927,14.234,95.677,0.000,0.000,391.288,385.727,8.352,0.000,0.000,383.627,0.000,6877.550,-999.000,-999.000,-999.000,101.022,0.200,0.200,4.029,6.330,198.318,2.963,5.110,195.974,0.744,17.860,17.709,18.001,18.222,18.182,18.263,17.964,17.944,17.985,-999.000,-999.000,-999.000,15.029,13.197,16.271,16.046,16.577,-999.000,-999.000,-999.000,-999.000,-999.000,-999.000,18.361,18.334,18.396,-2.549,-0.352,-2.231,-32.023,0.224,0.325,0.269,0.652,0.245,0.323,0.361,0.650,0.469,,,,,,,,
2023-07-30,24,14.350,14.202,14.571,14.334,14.173,14.580,14.437,14.300,14.660,14.402,14.260,14.640,14.045,13.898,14.310,14.358,97.315,0.000,0.000,392.603,387.213,8.531,0.000,0.000,385.562,0.000,6781.650,-999.000,-999.000,-999.000,100.982,0.200,0.200,3.998,6.030,198.010,2.941,4.850,196.444,0.742,17.578,17.430,17.706,18.157,18.109,18.198,17.965,17.948,17.984,-999.000,-999.000,-999.000,15.022,13.202,15.966,15.890,16.046,-999.000,-999.000,-999.000,-999.000,-999.000,-999.000,18.348,18.330,18.364,-3.698,-0.901,-3.398,-29.277,0.241,0.342,0.334,0.674,0.249,0.323,0.362,0.683,0.504,,,,,,,,
