2023-07-28,01,17.811,17.777,17.843,17.822,17.785,17.865,17.850,17.820,17.880,17.846,17.830,17.870,17.180,17.165,17.201,17.800,95.453,0.000,0.000,403.157,404.817,4.032,0.000,0.000,398.535,0.000,6551.217,-999.000,-999.000,-999.000,100.418,0.200,0.200,4.703,7.510,241.616,3.647,6.940,241.190,0.805,18.032,18.011,18.054,17.718,17.698,17.749,17.444,17.424,17.467,-999.000,-999.000,-999.000,15.003,13.138,17.745,17.727,17.760,-999.000,-999.000,-999.000,-999.000,-999.000,-999.000,18.426,18.409,18.439,0.036,1.188,0.067,-6.936,0.224,0.311,0.284,0.655,0.243,0.319,0.367,0.645,0.469,,,,,,,,
2023-07-28,02,17.893,17.790,18.015,17.909,17.785,18.033,17.911,17.830,18.010,17.915,17.840,18.030,17.166,17.095,17.221,17.896,94.415,0.000,0.000,403.220,404.977,4.623,0.225,0.000,398.490,0.000,6476.267,-999.000,-999.000,-999.000,100.424,0.200,0.200,4.572,7.860,242.639,3.672,6.960,241.152,0.803,18.021,18.004,18.038,17.703,17.674,17.725,17.467,17.447,17.490,-999.000,-999.000,-999.000,15.015,13.125,17.737,17.701,17.754,-999.000,-999.000,-999.000,-999.000,-999.000,-999.000,18.428,18.409,18.445,-0.011,1.101,-0.018,-6.374,0.223,0.308,0.282,0.655,0.243,0.318,0.366,0.644,0.468,,,,,,,,
2023-07-28,03,18.006,17.965,18.032,17.995,17.931,18.046,18.014,17.990,18.030,18.009,17.960,18.050,17.169,17.095,17.224,17.988,93.478,0.000,0.000,404.053,405.022,5.608,0.582,0.000,399.357,0.000,6371.667,-999.000,-999.000,-999.000,100.426,0.200,0.200,4.663,7.240,245.281,3.576,6.530,245.259,0.802,18.015,18.004,18.031,17.689,17.666,17.707,17.487,17.467,17.500,-999.000,-999.000,-999.000,15.024,13.101,17.711,17.694,17.721,-999.000,-999.000,-999.000,-999.000,-999.000,-999.000,18.431,18.416,18.442,-0.038,1.041,-0.082,-6.226,0.222,0.307,0.281,0.655,0.243,0.318,0.366,0.644,0.467,,,,,,,,
2023-07-28,04,18.001,17.930,18.044,17.984,17.918,18.027,18.024,17.990,18.070,18.020,17.970,18.040,17.282,17.216,17.345,17.976,94.593,0.000,0.000,404.832,405.530,5.946,0.656,0.000,399.843,0.000,5994.817,-999.000,-999.000,-999.000,100.463,0.200,0.200,4.195,6.590,241.954,3.236,6.060,242.773,0.800,18.012,17.995,18.028,17.673,17.654,17.695,17.506,17.493,17.520,-999.000,-999.000,-999.000,15.007,13.094,17.735,17.707,17.773,-999.000,-999.000,-999.000,-999.000,-999.000,-999.000,18.436,18.416,18.459,-0.063,0.984,-0.135,-5.322,0.222,0.305,0.280,0.655,0.242,0.317,0.366,0.644,0.466,,,,,,,,
2023-07-28,05,17.945,17.914,17.985,17.930,17.894,17.974,17.991,17.960,18.010,17.975,17.960,18.010,17.429,17.328,17.501,17.913,96.057,4.689,0.000,405.255,406.157,8.930,6.166,0.000,400.253,0.000,5682.233,-999.000,-999.000,-999.000,100.486,0.200,0.200,3.627,6.270,238.810,2.772,4.660,238.635,0.799,18.001,17.988,18.014,17.669,17.655,17.686,17.507,17.500,17.513,-999.000,-999.000,-999.000,15.015,13.098,17.826,17.763,17.889,-999.000,-999.000,-999.000,-999.000,-999.000,-999.000,18.423,18.406,18.439,-0.052,0.953,-0.132,-3.933,0.221,0.305,0.278,0.654,0.242,0.317,0.365,0.644,0.466,,,,,,,,
2023-07-28,06,17.928,17.877,17.996,17.910,17.854,17.986,17.986,17.940,18.090,17.975,17.940,18.050,17.642,17.487,18.005,17.911,96.975,22.439,0.942,405.333,407.275,21.180,24.240,0.000,400.595,0.000,5215.183,-999.000,-999.000,-999.000,100.518,0.200,0.200,3.384,6.470,235.466,2.619,5.010,233.433,0.797,18.016,17.995,18.044,17.660,17.648,17.679,17.512,17.503,17.527,-999.000,-999.000,-999.000,15.006,13.098,18.002,17.895,18.179,-999.000,-999.000,-999.000,-999.000,-999.000,-999.000,18.419,18.399,18.435,0.023,0.961,-0.048,-1.805,0.221,0.304,0.277,0.654,0.242,0.316,0.365,0.644,0.465,,,,,,,,
2023-07-28,07,18.087,17.965,18.195,18.090,17.940,18.216,18.189,18.030,18.300,18.179,18.040,18.290,18.147,17.998,18.340,18.109,96.857,53.008,7.685,406.110,410.032,41.401,55.135,0.000,401.740,0.000,5420.417,-999.000,-999.000,-999.000,100.562,0.200,0.200,3.521,6.240,224.982,2.647,5.060,223.424,0.796,18.045,18.020,18.061,17.675,17.648,17.701,17.500,17.470,17.536,-999.000,-999.000,-999.000,14.992,13.112,18.464,18.189,18.619,-999.000,-999.000,-999.000,-999.000,-999.000,-999.000,18.382,18.351,18.432,0.199,1.023,0.174,3.634,0.220,0.303,0.276,0.654,0.241,0.316,0.365,0.643,0.466,,,,,,,,
2023-07-28,08,18.511,18.148,18.781,18.516,18.173,18.765,18.544,18.250,18.830,18.553,18.260,18.840,18.858,18.142,19.211,18.526,94.995,125.951,26.025,407.410,414.188,93.147,128.595,0.045,404.205,0.000,5968.733,-999.000,-999.000,-999.000,100.620,0.200,0.200,4.373,6.980,219.792,3.415,6.080,218.411,0.794,18.096,18.043,18.174,17.680,17.653,17.711,17.491,17.465,17.518,-999.000,-999.000,-999.000,14.999,13.104,19.180,18.609,19.675,-999.000,-999.000,-999.000,-999.000,-999.000,-999.000,18.372,18.347,18.397,0.590,1.178,0.682,10.212,0.220,0.303,0.275,0.653,0.241,0.316,0.365,0.643,0.466,,,,,,,,
2023-07-28,09,19.003,18.591,19.713,19.001,18.625,19.666,19.053,18.640,19.680,19.051,18.650,19.670,19.529,18.854,21.025,19.023,92.295,172.360,36.807,408.425,418.032,125.947,174.019,0.035,405.722,0.000,6089.383,-999.000,-999.000,-999.000,100.669,0.200,0.200,4.526,6.870,226.609,3.453,5.800,224.973,0.793,18.220,18.160,18.303,17.685,17.656,17.715,17.489,17.464,17.519,-999.000,-999.000,-999.000,14.999,13.117,19.916,19.621,20.646,-999.000,-999.000,-999.000,-999.000,-999.000,-999.000,18.360,18.336,18.401,1.219,1.474,1.527,15.254,0.220,0.303,0.274,0.653,0.241,0.316,0.365,0.643,0.467,,,,,,,,
2023-07-28,10,20.151,19.709,20.785,20.153,19.709,20.799,20.217,19.630,20.780,20.206,19.630,20.790,22.124,21.088,23.551,20.172,86.577,404.008,89.775,390.738,430.965,274.007,357.294,43.803,389.058,2.667,6396.967,-999.000,-999.000,-999.000,100.708,0.200,0.200,5.019,8.570,223.027,3.837,6.710,221.544,0.791,18.425,18.310,18.597,17.708,17.670,17.739,17.506,17.474,17.533,-999.000,-999.000,-999.000,15.006,13.124,21.973,20.732,22.957,-999.000,-999.000,-999.000,-999.000,-999.000,-999.000,18.371,18.333,18.413,2.060,1.889,2.680,35.141,0.219,0.303,0.273,0.653,0.241,0.316,0.365,0.643,0.468,,,,,,,,
2023-07-28,11,21.089,20.485,21.622,21.091,20.472,21.627,21.118,20.550,21.500,21.099,20.560,21.500,24.144,23.078,25.674,21.048,82.204,528.966,126.631,406.192,439.993,368.534,430.744,99.255,404.597,2.055,7178.800,-999.000,-999.000,-999.000,100.729,0.200,0.200,5.132,7.640,223.557,4.037,7.020,222.460,0.790,18.780,18.587,19.016,17.738,17.697,17.765,17.513,17.486,17.528,-999.000,-999.000,-999.000,15.016,13.123,24.219,22.920,24.708,-999.000,-999.000,-999.000,-999.000,-999.000,-999.000,18.382,18.353,18.406,3.677,2.710,5.031,52.478,0.220,0.302,0.272,0.652,0.242,0.316,0.364,0.642,0.470,,,,,,,,
2023-07-28,12,21.471,20.945,22.234,21.474,20.969,22.222,21.563,21.000,22.510,21.540,20.990,22.500,24.297,22.867,26.821,21.470,79.107,496.103,117.986,409.938,440.043,348.012,458.926,31.587,409.388,0.111,7025.500,-999.000,-999.000,-999.000,100.748,0.200,0.200,5.079,8.140,235.103,3.986,6.730,234.370,0.788,19.211,19.026,19.413,17.783,17.731,17.846,17.522,17.506,17.543,-999.000,-999.000,-999.000,15.022,13.125,24.690,24.249,25.682,-999.000,-999.000,-999.000,-999.000,-999.000,-999.000,18.381,18.350,18.398,5.783,3.858,7.943,45.134,0.220,0.302,0.271,0.651,0.242,0.316,0.364,0.641,0.471,,,,,,,,
2023-07-28,13,22.553,21.964,23.233,22.541,21.952,23.201,22.589,21.930,23.200,22.552,21.910,23.160,26.419,25.214,27.956,22.457,74.795,622.766,147.477,400.960,450.035,426.214,462.953,171.572,397.325,2.166,6862.950,-999.000,-999.000,-999.000,100.757,0.200,0.200,4.555,8.030,238.671,3.637,6.360,237.248,0.787,19.630,19.407,19.856,17.882,17.819,17.934,17.529,17.510,17.553,-999.000,-999.000,-999.000,15.017,13.137,26.363,25.662,27.054,-999.000,-999.000,-999.000,-999.000,-999.000,-999.000,18.366,18.337,18.392,7.314,4.778,9.914,58.254,0.220,0.302,0.270,0.650,0.243,0.316,0.364,0.640,0.472,,,,,,,,
2023-07-28,14,23.462,22.730,24.232,23.455,22.733,24.206,23.542,22.780,24.120,23.502,22.730,24.090,28.043,26.890,29.338,23.412,68.500,705.095,167.708,387.758,456.217,468.928,326.195,444.610,378.480,7.778,7256.867,-999.000,-999.000,-999.000,100.744,0.200,0.200,4.377,7.060,235.711,3.579,7.200,235.173,0.785,20.149,19.865,20.423,17.988,17.921,18.045,17.557,17.529,17.587,-999.000,-999.000,-999.000,15.029,13.143,27.774,26.998,28.250,-999.000,-999.000,-999.000,-999.000,-999.000,-999.000,18.369,18.346,18.392,9.204,5.790,12.402,64.442,0.220,0.301,0.269,0.649,0.243,0.317,0.364,0.639,0.474,,,,,,,,
2023-07-28,15,23.448,22.739,24.569,23.446,22.736,24.533,23.495,22.800,24.480,23.466,22.760,24.430,26.082,23.177,30.105,23.423,66.584,423.114,98.866,399.655,444.880,279.023,265.361,195.834,392.762,3.389,7235.933,-999.000,-999.000,-999.000,100.723,0.200,0.200,4.536,8.210,240.751,3.607,6.430,239.161,0.784,20.675,20.436,20.863,18.119,18.034,18.190,17.581,17.556,17.604,-999.000,-999.000,-999.000,15.024,13.141,27.261,25.661,28.644,-999.000,-999.000,-999.000,-999.000,-999.000,-999.000,18.364,18.331,18.396,11.070,6.851,14.823,47.622,0.221,0.300,0.268,0.647,0.244,0.317,0.363,0.638,0.475,,,,,,,,
2023-07-28,16,22.861,22.243,23.598,22.839,22.246,23.568,22.875,22.250,23.390,22.857,22.240,23.370,25.024,22.733,26.769,22.814,70.369,446.634,111.063,394.285,441.842,288.015,300.915,230.853,389.013,5.916,6990.733,-999.000,-999.000,-999.000,100.742,0.200,0.200,5.201,8.050,249.412,4.070,6.720,248.397,0.782,20.862,20.829,20.905,18.287,18.181,18.361,17.606,17.571,17.634,-999.000,-999.000,-999.000,15.028,13.145,25.758,25.163,26.245,-999.000,-999.000,-999.000,-999.000,-999.000,-999.000,18.357,18.330,18.382,11.318,7.434,14.836,25.391,0.221,0.300,0.268,0.646,0.245,0.317,0.363,0.637,0.474,,,,,,,,
2023-07-28,17,21.800,20.409,22.952,21.787,20.401,22.909,21.819,20.460,22.870,21.798,20.430,22.870,22.519,20.011,25.890,21.759,74.562,178.024,38.818,403.368,428.675,113.899,151.359,43.266,398.965,1.611,6917.533,-999.000,-999.000,-999.000,100.739,0.200,0.200,4.874,8.810,252.102,3.928,8.160,250.476,0.781,20.922,20.879,20.945,18.432,18.358,18.518,17.640,17.610,17.674,-999.000,-999.000,-999.000,15.022,13.143,24.612,22.976,25.876,-999.000,-999.000,-999.000,-999.000,-999.000,-999.000,18.345,18.303,18.372,10.215,7.376,13.442,14.427,0.220,0.300,0.267,0.646,0.245,0.317,0.363,0.637,0.472,,,,,,,,
2023-07-28,18,19.935,19.787,20.380,19.927,19.809,20.361,19.954,19.820,20.420,19.949,19.840,20.400,19.706,19.487,20.052,19.894,81.378,57.601,7.908,403.960,416.757,36.896,56.504,4.250,399.635,0.000,6882.000,-999.000,-999.000,-999.000,100.740,0.200,0.200,2.746,7.460,265.083,2.005,6.420,263.328,0.780,20.788,20.645,20.946,18.577,18.514,18.658,17.696,17.648,17.731,-999.000,-999.000,-999.000,15.024,13.145,22.263,21.884,22.947,-999.000,-999.000,-999.000,-999.000,-999.000,-999.000,18.345,18.317,18.381,8.689,6.929,11.359,-12.282,0.219,0.300,0.266,0.646,0.245,0.318,0.363,0.637,0.469,,,,,,,,
2023-07-28,19,20.085,19.567,20.270,20.011,19.481,20.152,20.054,19.620,20.210,20.031,19.560,20.220,19.620,18.540,20.145,20.207,79.651,87.038,21.371,354.300,411.238,8.729,52.914,199.353,350.023,6.861,7094.700,-999.000,-999.000,-999.000,100.744,0.200,0.200,1.280,2.760,230.431,0.941,2.480,226.520,0.778,20.530,20.429,20.647,18.701,18.652,18.728,17.752,17.712,17.801,-999.000,-999.000,-999.000,15.036,13.142,21.535,21.105,21.914,-999.000,-999.000,-999.000,-999.000,-999.000,-999.000,18.344,18.323,18.366,6.604,5.984,8.757,-9.890,0.219,0.300,0.266,0.647,0.244,0.318,0.363,0.637,0.466,,,,,,,,
2023-07-28,20,18.775,18.372,19.481,18.748,18.274,19.439,18.587,18.100,19.590,18.551,18.080,19.500,17.190,16.468,18.408,18.523,88.917,6.389,0.000,373.913,397.922,-10.152,4.806,2.161,370.237,0.000,6888.167,-999.000,-999.000,-999.000,100.749,0.200,0.200,1.135,1.670,160.068,0.715,1.190,132.272,0.777,20.282,20.122,20.426,18.765,18.704,18.800,17.811,17.781,17.839,-999.000,-999.000,-999.000,15.025,13.147,20.413,20.086,21.062,-999.000,-999.000,-999.000,-999.000,-999.000,-999.000,18.333,18.299,18.368,4.968,5.027,6.593,-19.001,0.218,0.299,0.266,0.648,0.244,0.318,0.363,0.638,0.463,,,,,,,,
2023-07-28,21,18.029,17.689,18.461,18.008,17.677,18.395,17.998,17.690,18.240,17.979,17.660,18.200,17.088,15.945,17.503,17.887,93.303,0.000,0.000,385.833,400.948,-6.734,0.000,0.000,382.538,0.000,6225.367,-999.000,-999.000,-999.000,100.754,0.200,0.200,1.019,1.820,187.168,0.511,1.220,202.090,0.776,19.965,19.860,20.109,18.807,18.761,18.839,17.869,17.833,17.918,-999.000,-999.000,-999.000,15.024,13.146,19.808,19.489,20.087,-999.000,-999.000,-999.000,-999.000,-999.000,-999.000,18.323,18.291,18.367,3.303,3.832,4.432,-18.238,0.217,0.299,0.266,0.649,0.243,0.318,0.364,0.639,0.460,,,,,,,,
2023-07-28,22,17.282,16.957,17.692,17.242,16.912,17.697,17.241,16.890,17.710,17.207,16.840,17.680,16.402,15.844,16.945,17.160,95.527,0.000,0.000,380.765,396.440,-7.550,0.000,0.000,377.382,0.000,6547.800,-999.000,-999.000,-999.000,100.749,0.200,0.200,1.062,1.810,197.772,0.564,1.240,185.419,0.774,19.701,19.566,19.857,18.819,18.793,18.858,17.923,17.906,17.944,-999.000,-999.000,-999.000,15.032,13.160,19.080,18.922,19.479,-999.000,-999.000,-999.000,-999.000,-999.000,-999.000,18.322,18.290,18.360,2.109,2.877,2.988,-20.876,0.216,0.298,0.265,0.649,0.243,0.318,0.364,0.639,0.458,,,,,,,,
2023-07-28,23,16.900,16.489,17.248,16.920,16.480,17.256,16.857,16.210,17.390,16.836,16.160,17.340,15.122,13.558,16.815,16.774,96.437,0.000,0.000,354.653,386.498,-23.501,0.000,0.000,350.965,0.000,5026.508,-999.000,-999.000,-999.000,100.732,0.200,0.200,0.965,2.330,234.584,0.522,1.790,328.103,0.773,19.466,19.336,19.586,18.795,18.767,18.822,17.964,17.924,17.998,-999.000,-999.000,-999.000,15.021,13.151,18.430,17.825,18.926,-999.000,-999.000,-999.000,-999.000,-999.000,-999.000,18.316,18.288,18.352,1.145,2.088,1.807,-22.439,0.216,0.298,0.265,0.650,0.242,0.318,0.364,0.639,0.457,,,,,,,,
2023-07-28,24,16.056,15.632,16.597,16.030,15.600,16.595,15.928,15.550,16.510,15.914,15.510,16.480,13.360,12.933,13.850,15.903,96.985,0.000,0.000,345.957,376.695,-22.394,0.000,0.000,342.573,0.000,3262.558,-999.000,-999.000,-999.000,100.706,0.200,0.200,1.363,2.230,241.125,0.530,0.930,175.046,0.772,19.156,18.970,19.334,18.768,18.736,18.791,18.006,17.970,18.035,-999.000,-999.000,-999.000,15.022,13.149,17.281,16.853,17.792,-999.000,-999.000,-999.000,-999.000,-999.000,-999.000,18.320,18.279,18.343,0.163,1.182,0.475,-30.698,0.215,0.297,0.265,0.651,0.242,0.318,0.364,0.639,0.454,,,,,,,,
