"2024-12-12",13:30,3.81 ,3.79 ,3.83 ,3.82 ,3.81 ,3.84 ,3.90 ,3.88 ,3.93 ,3.90 ,3.88 ,3.92 ,3.80 ,3.74 ,3.86 ,3.80 ,97.78 ,34.94 ,1.30 ,334.58 ,338.86 ,29.36 ,35.02 ,0.00 ,332.14 ,0.00 ,6763.40 ,0.00 ,-999.00 ,-999.00 ,103.13 ,0.20 ,0.20 ,0.39 ,0.67 ,355 ,0.35 ,0.65 ,349 ,0.32 ,5.71 ,5.69 ,5.72 ,6.27 ,6.25 ,6.28 ,6.77 ,6.76 ,6.78 ,-999.00 ,-999.00 ,-999.00 ,10.76 ,12.05 ,5.23 ,5.22 ,5.25 ,-999.00 ,-999.00 ,-999.00 ,-999.00 ,-999.00 ,-999.00 ,7.40 ,7.38 ,7.41 ,-3.31 ,-3.50 ,-3.14 ,6.49 ,0.69 ,0.69 ,0.69 ,0.74 ,0.70 ,0.70 ,0.69 ,0.74 ,0.56 ,,100.00 ,0.00 ,0.00 ,0.00 ,69.12 ,136.10 ,136.10 
"2024-12-12",13:40,3.87 ,3.83 ,3.91 ,3.88 ,3.82 ,3.93 ,3.95 ,3.90 ,4.00 ,3.95 ,3.90 ,3.99 ,3.86 ,3.83 ,3.88 ,3.88 ,97.67 ,30.35 ,0.22 ,334.44 ,339.07 ,26.03 ,30.69 ,0.00 ,331.80 ,0.00 ,6315.30 ,0.00 ,-999.00 ,-999.00 ,103.12 ,0.20 ,0.20 ,0.42 ,0.89 ,355 ,0.42 ,0.77 ,345 ,0.32 ,5.72 ,5.71 ,5.73 ,6.26 ,6.25 ,6.27 ,6.77 ,6.75 ,6.78 ,-999.00 ,-999.00 ,-999.00 ,10.76 ,12.05 ,5.25 ,5.23 ,5.26 ,-999.00 ,-999.00 ,-999.00 ,-999.00 ,-999.00 ,-999.00 ,7.40 ,7.38 ,7.41 ,-3.22 ,-3.46 ,-3.05 ,6.32 ,0.69 ,0.69 ,0.69 ,0.74 ,0.70 ,0.70 ,0.69 ,0.74 ,0.56 ,,100.00 ,0.00 ,0.00 ,0.00 ,69.12 ,136.10 ,136.10 
"2024-12-12",13:50,3.91 ,3.90 ,3.93 ,3.92 ,3.91 ,3.95 ,3.99 ,3.96 ,4.04 ,3.98 ,3.97 ,4.01 ,3.78 ,3.75 ,3.81 ,3.90 ,97.86 ,24.62 ,0.00 ,334.32 ,338.58 ,22.18 ,25.07 ,0.00 ,330.85 ,0.00 ,6471.70 ,0.00 ,-999.00 ,-999.00 ,103.12 ,0.20 ,0.20 ,0.58 ,0.93 ,350 ,0.48 ,0.99 ,348 ,0.32 ,5.73 ,5.72 ,5.74 ,6.26 ,6.25 ,6.27 ,6.76 ,6.76 ,6.78 ,-999.00 ,-999.00 ,-999.00 ,10.76 ,12.05 ,5.23 ,5.21 ,5.25 ,-999.00 ,-999.00 ,-999.00 ,-999.00 ,-999.00 ,-999.00 ,7.40 ,7.38 ,7.41 ,-3.14 ,-3.42 ,-2.96 ,5.79 ,0.69 ,0.69 ,0.69 ,0.74 ,0.70 ,0.70 ,0.69 ,0.74 ,0.56 ,,100.00 ,0.00 ,0.00 ,0.00 ,69.12 ,136.10 ,136.10 
"2024-12-12",14:00,3.94 ,3.91 ,3.95 ,3.95 ,3.92 ,3.96 ,3.98 ,3.96 ,4.01 ,3.98 ,3.96 ,4.00 ,3.69 ,3.63 ,3.74 ,3.90 ,98.10 ,17.87 ,0.00 ,334.44 ,338.19 ,17.70 ,18.14 ,0.00 ,331.06 ,0.00 ,6797.10 ,0.00 ,-999.00 ,-999.00 ,103.12 ,0.20 ,0.20 ,0.41 ,0.72 ,328 ,0.44 ,0.79 ,336 ,0.32 ,5.74 ,5.73 ,5.76 ,6.26 ,6.25 ,6.28 ,6.76 ,6.75 ,6.77 ,-999.00 ,-999.00 ,-999.00 ,10.76 ,12.05 ,5.21 ,5.19 ,5.23 ,-999.00 ,-999.00 ,-999.00 ,-999.00 ,-999.00 ,-999.00 ,7.39 ,7.38 ,7.41 ,-3.05 ,-3.37 ,-2.87 ,4.85 ,0.69 ,0.69 ,0.69 ,0.74 ,0.70 ,0.70 ,0.69 ,0.74 ,0.56 ,,100.00 ,0.00 ,0.00 ,0.00 ,69.12 ,136.10 ,136.10 
"2024-12-12",14:10,3.95 ,3.94 ,3.97 ,3.96 ,3.95 ,3.97 ,4.01 ,4.00 ,4.04 ,4.00 ,3.99 ,4.02 ,3.64 ,3.62 ,3.67 ,3.94 ,97.63 ,13.22 ,0.00 ,333.81 ,337.01 ,14.94 ,13.18 ,0.00 ,331.28 ,0.00 ,6876.80 ,0.00 ,-999.00 ,-999.00 ,103.12 ,0.20 ,0.20 ,0.44 ,1.14 ,198 ,0.39 ,1.20 ,193 ,0.32 ,5.75 ,5.73 ,5.76 ,6.27 ,6.26 ,6.29 ,6.77 ,6.76 ,6.77 ,-999.00 ,-999.00 ,-999.00 ,10.76 ,12.05 ,5.17 ,5.14 ,5.20 ,-999.00 ,-999.00 ,-999.00 ,-999.00 ,-999.00 ,-999.00 ,7.39 ,7.37 ,7.41 ,-2.98 ,-3.33 ,-2.79 ,3.75 ,0.69 ,0.69 ,0.69 ,0.74 ,0.70 ,0.70 ,0.69 ,0.74 ,0.56 ,,100.00 ,0.00 ,0.00 ,0.00 ,69.12 ,136.10 ,136.10 
"2024-12-12",14:20,3.94 ,3.93 ,3.97 ,3.95 ,3.93 ,3.97 ,4.00 ,3.98 ,4.00 ,3.99 ,3.98 ,4.00 ,3.62 ,3.56 ,3.69 ,3.99 ,97.41 ,12.06 ,0.00 ,334.02 ,337.02 ,14.05 ,12.23 ,0.00 ,330.86 ,0.00 ,7003.50 ,0.00 ,-999.00 ,-999.00 ,103.12 ,0.20 ,0.20 ,0.86 ,1.12 ,174 ,0.78 ,1.19 ,171 ,0.32 ,5.77 ,5.76 ,5.78 ,6.28 ,6.27 ,6.29 ,6.77 ,6.76 ,6.77 ,-999.00 ,-999.00 ,-999.00 ,10.76 ,12.05 ,5.11 ,5.07 ,5.13 ,-999.00 ,-999.00 ,-999.00 ,-999.00 ,-999.00 ,-999.00 ,7.39 ,7.37 ,7.41 ,-2.90 ,-3.28 ,-2.72 ,2.63 ,0.69 ,0.69 ,0.69 ,0.74 ,0.70 ,0.70 ,0.69 ,0.74 ,0.56 ,,100.00 ,0.00 ,0.00 ,0.00 ,69.12 ,136.10 ,136.10 
"2024-12-12",14:30,3.98 ,3.96 ,3.99 ,3.98 ,3.97 ,3.99 ,4.04 ,4.03 ,4.04 ,4.01 ,4.00 ,4.03 ,3.59 ,3.57 ,3.61 ,4.00 ,97.67 ,8.27 ,0.00 ,334.02 ,336.48 ,11.30 ,8.42 ,0.00 ,331.42 ,0.00 ,6897.20 ,0.00 ,-999.00 ,-999.00 ,103.12 ,0.20 ,0.20 ,0.52 ,0.88 ,173 ,0.46 ,0.80 ,172 ,0.32 ,5.79 ,5.78 ,5.80 ,6.27 ,6.26 ,6.28 ,6.76 ,6.75 ,6.77 ,-999.00 ,-999.00 ,-999.00 ,10.76 ,12.05 ,5.05 ,5.02 ,5.07 ,-999.00 ,-999.00 ,-999.00 ,-999.00 ,-999.00 ,-999.00 ,7.40 ,7.39 ,7.41 ,-2.83 ,-3.24 ,-2.65 ,1.57 ,0.69 ,0.69 ,0.69 ,0.74 ,0.70 ,0.70 ,0.69 ,0.74 ,0.56 ,,100.00 ,0.00 ,0.00 ,0.00 ,69.12 ,136.10 ,136.10 
"2024-12-12",14:40,3.99 ,3.95 ,4.00 ,3.99 ,3.95 ,4.01 ,4.03 ,4.00 ,4.04 ,4.01 ,3.98 ,4.04 ,3.56 ,3.53 ,3.57 ,4.01 ,97.31 ,6.97 ,0.00 ,333.92 ,336.54 ,10.38 ,6.78 ,0.00 ,330.52 ,0.00 ,7016.20 ,0.00 ,-999.00 ,-999.00 ,103.11 ,0.20 ,0.20 ,0.48 ,0.71 ,205 ,0.42 ,0.74 ,204 ,0.32 ,5.80 ,5.79 ,5.81 ,6.26 ,6.26 ,6.27 ,6.75 ,6.73 ,6.75 ,-999.00 ,-999.00 ,-999.00 ,10.76 ,12.06 ,5.00 ,4.98 ,5.03 ,-999.00 ,-999.00 ,-999.00 ,-999.00 ,-999.00 ,-999.00 ,7.40 ,7.39 ,7.41 ,-2.76 ,-3.20 ,-2.59 ,0.73 ,0.69 ,0.69 ,0.69 ,0.74 ,0.70 ,0.70 ,0.69 ,0.74 ,0.56 ,,100.00 ,0.00 ,0.00 ,0.00 ,69.12 ,136.10 ,136.10 
"2024-12-12",14:50,4.02 ,4.00 ,4.03 ,4.01 ,3.98 ,4.02 ,4.04 ,4.04 ,4.04 ,4.04 ,4.03 ,4.06 ,3.48 ,3.45 ,3.51 ,4.00 ,97.39 ,5.72 ,0.00 ,333.28 ,335.85 ,9.94 ,5.83 ,0.00 ,330.22 ,0.00 ,7037.80 ,0.00 ,-999.00 ,-999.00 ,103.11 ,0.20 ,0.20 ,0.34 ,0.75 ,175 ,0.30 ,0.68 ,188 ,0.32 ,5.81 ,5.80 ,5.82 ,6.27 ,6.26 ,6.27 ,6.75 ,6.74 ,6.76 ,-999.00 ,-999.00 ,-999.00 ,10.76 ,12.07 ,4.97 ,4.95 ,4.98 ,-999.00 ,-999.00 ,-999.00 ,-999.00 ,-999.00 ,-999.00 ,7.39 ,7.38 ,7.40 ,-2.70 ,-3.16 ,-2.54 ,0.02 ,0.69 ,0.69 ,0.69 ,0.74 ,0.70 ,0.70 ,0.69 ,0.74 ,0.56 ,,100.00 ,0.00 ,0.00 ,0.00 ,69.12 ,136.10 ,136.10 
"2024-12-12",15:00,3.94 ,3.87 ,4.03 ,3.93 ,3.87 ,4.01 ,3.88 ,3.75 ,4.04 ,3.88 ,3.76 ,4.03 ,3.49 ,3.45 ,3.52 ,3.92 ,95.09 ,4.46 ,0.00 ,333.35 ,335.82 ,8.93 ,4.61 ,0.00 ,330.18 ,0.00 ,7578.90 ,0.00 ,-999.00 ,-999.00 ,103.11 ,0.20 ,0.20 ,1.21 ,2.11 ,91 ,0.89 ,1.48 ,98 ,0.32 ,5.81 ,5.80 ,5.81 ,6.26 ,6.26 ,6.28 ,6.74 ,6.73 ,6.75 ,-999.00 ,-999.00 ,-999.00 ,10.76 ,12.09 ,4.93 ,4.90 ,4.96 ,-999.00 ,-999.00 ,-999.00 ,-999.00 ,-999.00 ,-999.00 ,7.39 ,7.36 ,7.41 ,-2.65 ,-3.12 ,-2.49 ,-0.58 ,0.69 ,0.69 ,0.69 ,0.74 ,0.70 ,0.70 ,0.69 ,0.74 ,0.56 ,,100.00 ,0.00 ,0.00 ,0.00 ,69.12 ,136.10 ,136.10 
"2024-12-12",15:10,3.87 ,3.84 ,3.95 ,3.88 ,3.84 ,3.97 ,3.96 ,3.88 ,4.07 ,3.94 ,3.86 ,4.02 ,3.42 ,3.41 ,3.44 ,4.03 ,95.52 ,2.01 ,0.00 ,333.23 ,335.62 ,6.42 ,2.51 ,0.00 ,330.13 ,0.00 ,7387.80 ,0.00 ,-999.00 ,-999.00 ,103.10 ,0.20 ,0.20 ,1.22 ,1.87 ,38 ,0.91 ,1.51 ,33 ,0.32 ,5.81 ,5.80 ,5.83 ,6.26 ,6.25 ,6.27 ,6.73 ,6.72 ,6.74 ,-999.00 ,-999.00 ,-999.00 ,10.77 ,12.09 ,4.89 ,4.86 ,4.91 ,-999.00 ,-999.00 ,-999.00 ,-999.00 ,-999.00 ,-999.00 ,7.38 ,7.37 ,7.39 ,-2.60 ,-3.08 ,-2.46 ,-1.19 ,0.69 ,0.69 ,0.69 ,0.74 ,0.70 ,0.70 ,0.69 ,0.74 ,0.56 ,,100.00 ,0.00 ,0.00 ,0.00 ,69.12 ,136.10 ,136.10 
"2024-12-12",15:20,3.87 ,3.76 ,3.99 ,3.89 ,3.79 ,4.00 ,3.94 ,3.82 ,4.08 ,3.91 ,3.79 ,4.03 ,3.38 ,3.29 ,3.44 ,4.04 ,94.35 ,0.79 ,0.00 ,333.01 ,335.27 ,5.46 ,1.42 ,0.00 ,328.96 ,0.00 ,7471.80 ,0.00 ,-999.00 ,-999.00 ,103.10 ,0.20 ,0.20 ,2.39 ,3.91 ,26 ,1.89 ,3.44 ,21 ,0.32 ,5.81 ,5.80 ,5.82 ,6.26 ,6.24 ,6.27 ,6.73 ,6.72 ,6.74 ,-999.00 ,-999.00 ,-999.00 ,10.80 ,12.08 ,4.84 ,4.81 ,4.86 ,-999.00 ,-999.00 ,-999.00 ,-999.00 ,-999.00 ,-999.00 ,7.37 ,7.36 ,7.38 ,-2.56 ,-3.05 ,-2.43 ,-1.82 ,0.69 ,0.69 ,0.69 ,0.74 ,0.70 ,0.70 ,0.69 ,0.74 ,0.56 ,,100.00 ,0.00 ,0.00 ,0.00 ,69.12 ,136.10 ,136.10 
"2024-12-12",15:30,3.80 ,3.75 ,3.84 ,3.82 ,3.74 ,3.86 ,3.83 ,3.81 ,3.88 ,3.83 ,3.80 ,3.88 ,3.24 ,3.20 ,3.28 ,4.10 ,91.69 ,0.12 ,0.00 ,332.53 ,334.68 ,4.55 ,0.72 ,0.00 ,328.11 ,0.00 ,7801.90 ,0.00 ,-999.00 ,-999.00 ,103.10 ,0.20 ,0.20 ,2.58 ,4.18 ,33 ,1.99 ,3.40 ,31 ,0.32 ,5.81 ,5.81 ,5.83 ,6.25 ,6.24 ,6.26 ,6.71 ,6.70 ,6.72 ,-999.00 ,-999.00 ,-999.00 ,10.79 ,12.08 ,4.77 ,4.73 ,4.82 ,-999.00 ,-999.00 ,-999.00 ,-999.00 ,-999.00 ,-999.00 ,7.37 ,7.34 ,7.39 ,-2.53 ,-3.02 ,-2.41 ,-2.70 ,0.69 ,0.69 ,0.69 ,0.74 ,0.70 ,0.70 ,0.69 ,0.74 ,0.56 ,,100.00 ,0.00 ,0.00 ,0.00 ,69.12 ,136.10 ,136.10 
"2024-12-12",15:40,3.88 ,3.84 ,3.93 ,3.90 ,3.86 ,3.96 ,4.01 ,3.94 ,4.05 ,4.02 ,3.94 ,4.07 ,3.27 ,3.23 ,3.30 ,4.20 ,92.87 ,0.00 ,0.00 ,332.71 ,334.83 ,3.73 ,0.26 ,0.00 ,328.28 ,0.00 ,7786.40 ,0.00 ,-999.00 ,-999.00 ,103.10 ,0.20 ,0.20 ,2.17 ,2.84 ,36 ,1.53 ,2.38 ,38 ,0.32 ,5.81 ,5.80 ,5.82 ,6.24 ,6.23 ,6.26 ,6.70 ,6.69 ,6.71 ,-999.00 ,-999.00 ,-999.00 ,10.78 ,12.07 ,4.70 ,4.67 ,4.73 ,-999.00 ,-999.00 ,-999.00 ,-999.00 ,-999.00 ,-999.00 ,7.35 ,7.34 ,7.37 ,-2.50 ,-2.99 ,-2.39 ,-3.55 ,0.69 ,0.69 ,0.69 ,0.74 ,0.70 ,0.70 ,0.69 ,0.74 ,0.56 ,,100.00 ,0.00 ,0.00 ,0.00 ,69.12 ,136.10 ,136.10 
"2024-12-12",15:50,3.94 ,3.93 ,3.96 ,3.97 ,3.95 ,3.99 ,4.05 ,4.04 ,4.06 ,4.08 ,4.07 ,4.09 ,3.28 ,3.26 ,3.31 ,4.13 ,93.78 ,0.00 ,0.00 ,332.77 ,334.66 ,3.80 ,0.00 ,0.00 ,328.26 ,0.00 ,7690.70 ,0.00 ,-999.00 ,-999.00 ,103.09 ,0.20 ,0.20 ,2.25 ,4.41 ,26 ,1.65 ,4.02 ,27 ,0.32 ,5.82 ,5.81 ,5.82 ,6.24 ,6.22 ,6.25 ,6.71 ,6.69 ,6.73 ,-999.00 ,-999.00 ,-999.00 ,10.77 ,12.06 ,4.66 ,4.63 ,4.67 ,-999.00 ,-999.00 ,-999.00 ,-999.00 ,-999.00 ,-999.00 ,7.35 ,7.33 ,7.37 ,-2.48 ,-2.96 ,-2.39 ,-3.98 ,0.69 ,0.69 ,0.69 ,0.74 ,0.70 ,0.70 ,0.69 ,0.74 ,0.56 ,,100.00 ,0.00 ,0.00 ,0.00 ,69.12 ,136.10 ,136.10 
"2024-12-12",16:00,3.89 ,3.87 ,3.91 ,3.93 ,3.92 ,3.95 ,3.97 ,3.94 ,4.03 ,4.05 ,3.98 ,4.13 ,3.23 ,3.20 ,3.27 ,4.12 ,92.42 ,0.00 ,0.00 ,332.57 ,334.24 ,4.01 ,0.00 ,0.00 ,327.97 ,0.00 ,7923.10 ,0.00 ,-999.00 ,-999.00 ,103.09 ,0.20 ,0.20 ,2.47 ,3.70 ,32 ,1.86 ,3.11 ,30 ,0.32 ,5.83 ,5.82 ,5.84 ,6.26 ,6.23 ,6.29 ,6.72 ,6.71 ,6.74 ,-999.00 ,-999.00 ,-999.00 ,10.76 ,12.06 ,4.60 ,4.56 ,4.63 ,-999.00 ,-999.00 ,-999.00 ,-999.00 ,-999.00 ,-999.00 ,7.35 ,7.32 ,7.37 ,-2.47 ,-2.93 ,-2.38 ,-4.33 ,0.69 ,0.69 ,0.69 ,0.74 ,0.70 ,0.70 ,0.69 ,0.74 ,0.56 ,,100.00 ,0.00 ,0.00 ,0.00 ,69.12 ,136.10 ,136.10 
"2024-12-12",16:10,3.90 ,3.87 ,3.94 ,3.94 ,3.92 ,3.96 ,4.04 ,4.01 ,4.09 ,4.14 ,4.11 ,4.16 ,3.22 ,3.20 ,3.24 ,4.12 ,92.92 ,0.00 ,0.00 ,332.56 ,334.44 ,3.61 ,0.00 ,0.00 ,327.86 ,0.00 ,7803.10 ,0.00 ,-999.00 ,-999.00 ,103.10 ,0.20 ,0.20 ,2.41 ,3.24 ,38 ,1.84 ,2.73 ,39 ,0.32 ,5.83 ,5.82 ,5.84 ,6.28 ,6.27 ,6.30 ,6.74 ,6.73 ,6.76 ,-999.00 ,-999.00 ,-999.00 ,10.76 ,12.08 ,4.55 ,4.53 ,4.57 ,-999.00 ,-999.00 ,-999.00 ,-999.00 ,-999.00 ,-999.00 ,7.35 ,7.33 ,7.37 ,-2.46 ,-2.91 ,-2.39 ,-4.67 ,0.69 ,0.69 ,0.69 ,0.74 ,0.70 ,0.70 ,0.69 ,0.74 ,0.56 ,,100.00 ,0.00 ,0.00 ,0.00 ,69.12 ,136.10 ,136.10 
"2024-12-12",16:20,3.87 ,3.84 ,3.92 ,3.91 ,3.87 ,3.95 ,4.03 ,3.97 ,4.09 ,4.10 ,4.06 ,4.15 ,3.20 ,3.17 ,3.23 ,4.03 ,93.98 ,0.00 ,0.00 ,332.28 ,333.98 ,3.98 ,0.00 ,0.00 ,326.89 ,0.00 ,7717.20 ,0.00 ,-999.00 ,-999.00 ,103.10 ,0.20 ,0.20 ,3.18 ,4.03 ,43 ,2.31 ,3.22 ,44 ,0.32 ,5.85 ,5.84 ,5.87 ,6.28 ,6.27 ,6.30 ,6.75 ,6.74 ,6.75 ,-999.00 ,-999.00 ,-999.00 ,10.77 ,12.10 ,4.51 ,4.49 ,4.53 ,-999.00 ,-999.00 ,-999.00 ,-999.00 ,-999.00 ,-999.00 ,7.36 ,7.33 ,7.40 ,-2.45 ,-2.89 ,-2.40 ,-4.92 ,0.69 ,0.69 ,0.69 ,0.74 ,0.70 ,0.70 ,0.69 ,0.74 ,0.56 ,,100.00 ,0.00 ,0.00 ,0.00 ,69.12 ,136.10 ,136.10 
"2024-12-12",16:30,3.80 ,3.78 ,3.82 ,3.85 ,3.82 ,3.89 ,3.96 ,3.95 ,3.98 ,4.02 ,3.98 ,4.05 ,3.12 ,3.09 ,3.16 ,3.92 ,94.36 ,0.00 ,0.00 ,332.04 ,333.72 ,3.90 ,0.00 ,0.00 ,326.39 ,0.00 ,7680.10 ,0.00 ,-999.00 ,-999.00 ,103.10 ,0.20 ,0.20 ,3.07 ,4.06 ,42 ,2.26 ,3.43 ,40 ,0.32 ,5.88 ,5.86 ,5.89 ,6.29 ,6.28 ,6.30 ,6.74 ,6.72 ,6.75 ,-999.00 ,-999.00 ,-999.00 ,10.78 ,12.10 ,4.46 ,4.44 ,4.49 ,-999.00 ,-999.00 ,-999.00 ,-999.00 ,-999.00 ,-999.00 ,7.38 ,7.36 ,7.40 ,-2.45 ,-2.88 ,-2.42 ,-5.24 ,0.69 ,0.69 ,0.69 ,0.74 ,0.70 ,0.70 ,0.69 ,0.74 ,0.56 ,,100.00 ,0.00 ,0.00 ,0.00 ,69.12 ,136.10 ,136.10 
"2024-12-12",16:40,3.74 ,3.69 ,3.77 ,3.80 ,3.75 ,3.83 ,3.90 ,3.84 ,3.95 ,3.93 ,3.88 ,3.98 ,3.06 ,3.00 ,3.10 ,3.85 ,94.38 ,0.00 ,0.00 ,331.68 ,333.71 ,3.49 ,0.00 ,0.00 ,325.86 ,0.00 ,7489.00 ,0.00 ,-999.00 ,-999.00 ,103.09 ,0.20 ,0.20 ,3.06 ,4.58 ,45 ,2.25 ,4.02 ,44 ,0.32 ,5.89 ,5.87 ,5.89 ,6.29 ,6.27 ,6.30 ,6.74 ,6.73 ,6.75 ,-999.00 ,-999.00 ,-999.00 ,10.80 ,12.09 ,4.41 ,4.38 ,4.44 ,-999.00 ,-999.00 ,-999.00 ,-999.00 ,-999.00 ,-999.00 ,7.38 ,7.37 ,7.39 ,-2.46 ,-2.86 ,-2.44 ,-5.55 ,0.69 ,0.69 ,0.69 ,0.74 ,0.70 ,0.70 ,0.69 ,0.74 ,0.56 ,,100.00 ,0.00 ,0.00 ,0.00 ,69.12 ,136.10 ,136.10 
"2024-12-12",16:50,3.67 ,3.65 ,3.69 ,3.72 ,3.69 ,3.76 ,3.83 ,3.82 ,3.86 ,3.86 ,3.84 ,3.88 ,2.98 ,2.95 ,3.00 ,3.80 ,94.02 ,0.00 ,0.00 ,331.23 ,333.24 ,3.30 ,0.00 ,0.00 ,325.94 ,0.00 ,7540.10 ,0.00 ,-999.00 ,-999.00 ,103.09 ,0.20 ,0.20 ,2.57 ,3.36 ,38 ,1.93 ,2.70 ,37 ,0.32 ,5.88 ,5.87 ,5.89 ,6.29 ,6.28 ,6.30 ,6.72 ,6.71 ,6.74 ,-999.00 ,-999.00 ,-999.00 ,10.80 ,12.10 ,4.39 ,4.38 ,4.40 ,-999.00 ,-999.00 ,-999.00 ,-999.00 ,-999.00 ,-999.00 ,7.37 ,7.35 ,7.39 ,-2.47 ,-2.85 ,-2.47 ,-5.87 ,0.69 ,0.69 ,0.69 ,0.74 ,0.70 ,0.70 ,0.69 ,0.74 ,0.56 ,,100.00 ,0.00 ,0.00 ,0.00 ,69.12 ,136.10 ,136.10 
"2024-12-12",17:00,3.65 ,3.63 ,3.67 ,3.70 ,3.67 ,3.72 ,3.83 ,3.82 ,3.84 ,3.85 ,3.84 ,3.87 ,2.97 ,2.96 ,2.99 ,3.80 ,94.17 ,0.00 ,0.00 ,331.19 ,333.27 ,3.24 ,0.00 ,0.00 ,325.79 ,0.00 ,7520.00 ,0.00 ,-999.00 ,-999.00 ,103.10 ,0.20 ,0.20 ,2.47 ,3.52 ,33 ,1.84 ,3.06 ,32 ,0.32 ,5.88 ,5.87 ,5.89 ,6.28 ,6.27 ,6.29 ,6.72 ,6.70 ,6.73 ,-999.00 ,-999.00 ,-999.00 ,10.80 ,12.09 ,4.37 ,4.35 ,4.37 ,-999.00 ,-999.00 ,-999.00 ,-999.00 ,-999.00 ,-999.00 ,7.36 ,7.35 ,7.37 ,-2.48 ,-2.85 ,-2.50 ,-6.09 ,0.69 ,0.69 ,0.69 ,0.74 ,0.70 ,0.70 ,0.69 ,0.74 ,0.56 ,,100.00 ,0.00 ,0.00 ,0.00 ,69.12 ,136.10 ,136.10 
"2024-12-12",17:10,3.64 ,3.62 ,3.66 ,3.67 ,3.66 ,3.69 ,3.83 ,3.82 ,3.85 ,3.84 ,3.84 ,3.85 ,2.97 ,2.96 ,2.99 ,3.78 ,94.28 ,0.00 ,0.00 ,331.33 ,333.10 ,3.61 ,0.00 ,0.00 ,325.89 ,0.00 ,7640.40 ,0.00 ,-999.00 ,-999.00 ,103.10 ,0.20 ,0.20 ,2.40 ,3.34 ,44 ,1.75 ,2.78 ,44 ,0.32 ,5.88 ,5.87 ,5.89 ,6.28 ,6.26 ,6.29 ,6.71 ,6.70 ,6.72 ,-999.00 ,-999.00 ,-999.00 ,10.80 ,12.09 ,4.35 ,4.33 ,4.36 ,-999.00 ,-999.00 ,-999.00 ,-999.00 ,-999.00 ,-999.00 ,7.36 ,7.34 ,7.38 ,-2.50 ,-2.84 ,-2.53 ,-6.23 ,0.69 ,0.69 ,0.69 ,0.74 ,0.70 ,0.70 ,0.69 ,0.74 ,0.56 ,,100.00 ,0.00 ,0.00 ,0.00 ,69.12 ,136.10 ,136.10 
"2024-12-12",17:20,3.65 ,3.63 ,3.68 ,3.68 ,3.66 ,3.70 ,3.83 ,3.83 ,3.85 ,3.85 ,3.85 ,3.86 ,2.97 ,2.96 ,2.98 ,3.75 ,94.45 ,0.00 ,0.00 ,331.07 ,333.05 ,3.35 ,0.00 ,0.00 ,325.91 ,0.00 ,7583.00 ,0.00 ,-999.00 ,-999.00 ,103.10 ,0.20 ,0.20 ,2.60 ,3.65 ,46 ,1.86 ,3.44 ,45 ,0.32 ,5.88 ,5.87 ,5.88 ,6.28 ,6.26 ,6.29 ,6.71 ,6.70 ,6.72 ,-999.00 ,-999.00 ,-999.00 ,10.80 ,12.09 ,4.33 ,4.31 ,4.35 ,-999.00 ,-999.00 ,-999.00 ,-999.00 ,-999.00 ,-999.00 ,7.35 ,7.34 ,7.37 ,-2.51 ,-2.84 ,-2.57 ,-6.30 ,0.69 ,0.69 ,0.69 ,0.74 ,0.70 ,0.70 ,0.69 ,0.74 ,0.56 ,,100.00 ,0.00 ,0.00 ,0.00 ,69.12 ,136.10 ,136.10 
"2024-12-12",17:30,3.58 ,3.54 ,3.64 ,3.61 ,3.58 ,3.68 ,3.75 ,3.68 ,3.83 ,3.75 ,3.70 ,3.82 ,2.90 ,2.86 ,2.96 ,3.69 ,93.55 ,0.00 ,0.00 ,330.76 ,332.77 ,3.51 ,0.00 ,0.00 ,325.72 ,0.00 ,7563.80 ,0.00 ,-999.00 ,-999.00 ,103.09 ,0.20 ,0.20 ,3.28 ,5.89 ,56 ,2.55 ,5.06 ,56 ,0.32 ,5.87 ,5.87 ,5.89 ,6.28 ,6.26 ,6.29 ,6.70 ,6.69 ,6.71 ,-999.00 ,-999.00 ,-999.00 ,10.79 ,12.08 ,4.29 ,4.28 ,4.31 ,-999.00 ,-999.00 ,-999.00 ,-999.00 ,-999.00 ,-999.00 ,7.35 ,7.33 ,7.36 ,-2.53 ,-2.84 ,-2.61 ,-6.40 ,0.69 ,0.69 ,0.69 ,0.74 ,0.70 ,0.70 ,0.69 ,0.74 ,0.56 ,,100.00 ,0.00 ,0.00 ,0.00 ,69.12 ,136.10 ,136.10 
"2024-12-12",17:40,3.54 ,3.52 ,3.56 ,3.57 ,3.56 ,3.58 ,3.75 ,3.71 ,3.77 ,3.75 ,3.72 ,3.78 ,2.86 ,2.84 ,2.88 ,3.70 ,93.13 ,0.00 ,0.00 ,330.74 ,332.78 ,3.41 ,0.00 ,0.00 ,325.73 ,0.00 ,7810.20 ,0.00 ,-999.00 ,-999.00 ,103.10 ,0.20 ,0.20 ,3.14 ,4.64 ,73 ,2.31 ,4.02 ,73 ,0.32 ,5.88 ,5.87 ,5.89 ,6.28 ,6.26 ,6.29 ,6.70 ,6.69 ,6.72 ,-999.00 ,-999.00 ,-999.00 ,10.79 ,12.08 ,4.27 ,4.25 ,4.29 ,-999.00 ,-999.00 ,-999.00 ,-999.00 ,-999.00 ,-999.00 ,7.34 ,7.33 ,7.35 ,-2.55 ,-2.85 ,-2.65 ,-6.67 ,0.69 ,0.69 ,0.69 ,0.74 ,0.70 ,0.70 ,0.69 ,0.74 ,0.56 ,,100.00 ,0.00 ,0.00 ,0.00 ,69.12 ,136.10 ,136.10 
"2024-12-12",17:50,3.53 ,3.50 ,3.55 ,3.56 ,3.53 ,3.57 ,3.74 ,3.72 ,3.75 ,3.73 ,3.72 ,3.76 ,2.82 ,2.81 ,2.87 ,3.65 ,93.38 ,0.00 ,0.00 ,330.63 ,332.35 ,3.56 ,0.00 ,0.00 ,325.69 ,0.00 ,7978.50 ,0.00 ,-999.00 ,-999.00 ,103.10 ,0.20 ,0.20 ,2.66 ,3.95 ,64 ,2.15 ,3.12 ,62 ,0.32 ,5.87 ,5.86 ,5.88 ,6.28 ,6.27 ,6.29 ,6.71 ,6.69 ,6.72 ,-999.00 ,-999.00 ,-999.00 ,10.78 ,12.07 ,4.23 ,4.21 ,4.25 ,-999.00 ,-999.00 ,-999.00 ,-999.00 ,-999.00 ,-999.00 ,7.33 ,7.31 ,7.34 ,-2.57 ,-2.86 ,-2.69 ,-6.88 ,0.69 ,0.69 ,0.69 ,0.74 ,0.70 ,0.70 ,0.69 ,0.74 ,0.56 ,,100.00 ,0.00 ,0.00 ,0.00 ,69.12 ,136.10 ,136.10 
"2024-12-12",18:00,3.53 ,3.49 ,3.56 ,3.54 ,3.51 ,3.58 ,3.71 ,3.69 ,3.75 ,3.72 ,3.71 ,3.75 ,2.81 ,2.77 ,2.84 ,3.61 ,93.22 ,0.00 ,0.00 ,330.23 ,332.06 ,3.74 ,0.00 ,0.00 ,325.33 ,0.00 ,7604.50 ,0.00 ,-999.00 ,-999.00 ,103.10 ,0.20 ,0.20 ,3.31 ,4.60 ,75 ,2.62 ,3.86 ,75 ,0.32 ,5.87 ,5.86 ,5.88 ,6.28 ,6.27 ,6.29 ,6.72 ,6.71 ,6.73 ,-999.00 ,-999.00 ,-999.00 ,10.77 ,12.07 ,4.20 ,4.17 ,4.22 ,-999.00 ,-999.00 ,-999.00 ,-999.00 ,-999.00 ,-999.00 ,7.32 ,7.30 ,7.34 ,-2.59 ,-2.86 ,-2.73 ,-6.99 ,0.69 ,0.69 ,0.69 ,0.74 ,0.70 ,0.70 ,0.69 ,0.74 ,0.56 ,,100.00 ,0.00 ,0.00 ,0.00 ,69.12 ,136.10 ,136.10 
"2024-12-12",18:10,3.52 ,3.50 ,3.54 ,3.50 ,3.47 ,3.53 ,3.68 ,3.62 ,3.73 ,3.68 ,3.63 ,3.72 ,2.76 ,2.73 ,2.78 ,3.59 ,93.47 ,0.00 ,0.00 ,330.13 ,332.07 ,3.53 ,0.00 ,0.00 ,325.00 ,0.00 ,7471.70 ,0.00 ,-999.00 ,-999.00 ,103.10 ,0.20 ,0.20 ,2.82 ,4.22 ,82 ,2.26 ,3.59 ,82 ,0.32 ,5.87 ,5.86 ,5.88 ,6.29 ,6.28 ,6.30 ,6.73 ,6.72 ,6.74 ,-999.00 ,-999.00 ,-999.00 ,10.77 ,12.06 ,4.16 ,4.14 ,4.17 ,-999.00 ,-999.00 ,-999.00 ,-999.00 ,-999.00 ,-999.00 ,7.33 ,7.31 ,7.35 ,-2.62 ,-2.88 ,-2.78 ,-7.16 ,0.69 ,0.69 ,0.69 ,0.74 ,0.70 ,0.70 ,0.69 ,0.74 ,0.56 ,,100.00 ,0.00 ,0.00 ,0.00 ,69.12 ,136.10 ,136.10 
"2024-12-12",18:20,3.51 ,3.49 ,3.54 ,3.49 ,3.47 ,3.51 ,3.67 ,3.64 ,3.69 ,3.66 ,3.63 ,3.70 ,2.72 ,2.71 ,2.74 ,3.60 ,93.54 ,0.00 ,0.00 ,329.89 ,331.99 ,3.21 ,0.00 ,0.00 ,325.25 ,0.00 ,7616.40 ,0.00 ,-999.00 ,-999.00 ,103.10 ,0.20 ,0.20 ,2.26 ,3.46 ,78 ,1.70 ,3.07 ,80 ,0.32 ,5.88 ,5.87 ,5.89 ,6.28 ,6.27 ,6.30 ,6.73 ,6.72 ,6.74 ,-999.00 ,-999.00 ,-999.00 ,10.77 ,12.06 ,4.13 ,4.12 ,4.14 ,-999.00 ,-999.00 ,-999.00 ,-999.00 ,-999.00 ,-999.00 ,7.33 ,7.33 ,7.35 ,-2.64 ,-2.89 ,-2.82 ,-7.27 ,0.69 ,0.69 ,0.69 ,0.74 ,0.70 ,0.70 ,0.69 ,0.74 ,0.56 ,,100.00 ,0.00 ,0.00 ,0.00 ,69.12 ,136.10 ,136.10 
"2024-12-12",18:30,3.47 ,3.42 ,3.51 ,3.46 ,3.42 ,3.50 ,3.60 ,3.54 ,3.67 ,3.61 ,3.56 ,3.66 ,2.72 ,2.68 ,2.73 ,3.50 ,93.23 ,0.00 ,0.00 ,329.85 ,331.99 ,3.57 ,0.00 ,0.00 ,324.50 ,0.00 ,7688.30 ,0.00 ,-999.00 ,-999.00 ,103.11 ,0.20 ,0.20 ,3.39 ,5.15 ,100 ,2.37 ,3.90 ,99 ,0.32 ,5.89 ,5.87 ,5.91 ,6.29 ,6.28 ,6.31 ,6.74 ,6.73 ,6.75 ,-999.00 ,-999.00 ,-999.00 ,10.77 ,12.05 ,4.11 ,4.10 ,4.13 ,-999.00 ,-999.00 ,-999.00 ,-999.00 ,-999.00 ,-999.00 ,7.35 ,7.33 ,7.37 ,-2.66 ,-2.90 ,-2.87 ,-7.26 ,0.69 ,0.69 ,0.69 ,0.74 ,0.70 ,0.70 ,0.69 ,0.74 ,0.56 ,,100.00 ,0.00 ,0.00 ,0.00 ,69.12 ,136.10 ,136.10 
"2024-12-12",18:40,3.40 ,3.35 ,3.44 ,3.39 ,3.35 ,3.42 ,3.51 ,3.46 ,3.56 ,3.52 ,3.46 ,3.57 ,2.62 ,2.55 ,2.67 ,3.44 ,92.85 ,0.00 ,0.00 ,329.41 ,331.30 ,3.88 ,0.00 ,0.00 ,323.93 ,0.00 ,7800.90 ,0.00 ,-999.00 ,-999.00 ,103.12 ,0.20 ,0.20 ,3.65 ,5.65 ,90 ,2.83 ,4.90 ,90 ,0.32 ,5.91 ,5.90 ,5.92 ,6.31 ,6.29 ,6.33 ,6.74 ,6.72 ,6.75 ,-999.00 ,-999.00 ,-999.00 ,10.76 ,12.05 ,4.08 ,4.05 ,4.10 ,-999.00 ,-999.00 ,-999.00 ,-999.00 ,-999.00 ,-999.00 ,7.36 ,7.34 ,7.39 ,-2.69 ,-2.92 ,-2.91 ,-7.43 ,0.69 ,0.69 ,0.69 ,0.74 ,0.70 ,0.70 ,0.69 ,0.74 ,0.56 ,,100.00 ,0.00 ,0.00 ,0.00 ,69.12 ,136.10 ,136.10 
"2024-12-12",18:50,3.33 ,3.31 ,3.34 ,3.35 ,3.33 ,3.36 ,3.51 ,3.50 ,3.52 ,3.51 ,3.50 ,3.52 ,2.53 ,2.51 ,2.55 ,3.41 ,92.07 ,0.00 ,0.00 ,328.74 ,331.01 ,3.30 ,0.00 ,0.00 ,323.52 ,0.00 ,7871.20 ,0.00 ,-999.00 ,-999.00 ,103.12 ,0.20 ,0.20 ,3.28 ,4.62 ,93 ,2.45 ,4.15 ,95 ,0.32 ,5.92 ,5.91 ,5.93 ,6.33 ,6.30 ,6.35 ,6.75 ,6.74 ,6.76 ,-999.00 ,-999.00 ,-999.00 ,10.76 ,12.04 ,4.03 ,4.00 ,4.05 ,-999.00 ,-999.00 ,-999.00 ,-999.00 ,-999.00 ,-999.00 ,7.36 ,7.35 ,7.38 ,-2.71 ,-2.94 ,-2.95 ,-7.83 ,0.69 ,0.69 ,0.69 ,0.74 ,0.70 ,0.70 ,0.69 ,0.74 ,0.56 ,,100.00 ,0.00 ,0.00 ,0.00 ,69.12 ,136.10 ,136.10 
"2024-12-12",19:00,3.33 ,3.31 ,3.38 ,3.35 ,3.33 ,3.39 ,3.55 ,3.50 ,3.61 ,3.53 ,3.49 ,3.61 ,2.49 ,2.47 ,2.50 ,3.46 ,91.35 ,0.00 ,0.00 ,328.81 ,330.97 ,3.30 ,0.00 ,0.00 ,323.47 ,0.00 ,7727.10 ,0.00 ,-999.00 ,-999.00 ,103.12 ,0.20 ,0.20 ,2.91 ,4.64 ,79 ,2.27 ,3.85 ,80 ,0.32 ,5.92 ,5.91 ,5.93 ,6.33 ,6.32 ,6.35 ,6.75 ,6.74 ,6.76 ,-999.00 ,-999.00 ,-999.00 ,10.76 ,12.04 ,3.98 ,3.96 ,3.99 ,-999.00 ,-999.00 ,-999.00 ,-999.00 ,-999.00 ,-999.00 ,7.36 ,7.34 ,7.39 ,-2.73 ,-2.95 ,-2.99 ,-8.17 ,0.69 ,0.69 ,0.69 ,0.74 ,0.70 ,0.70 ,0.69 ,0.74 ,0.56 ,,100.00 ,0.00 ,0.00 ,0.00 ,69.12 ,136.10 ,136.10 
"2024-12-12",19:10,3.37 ,3.35 ,3.39 ,3.40 ,3.38 ,3.41 ,3.59 ,3.56 ,3.62 ,3.59 ,3.57 ,3.63 ,2.51 ,2.48 ,2.53 ,3.46 ,92.65 ,0.00 ,0.00 ,328.68 ,331.04 ,2.72 ,0.00 ,0.00 ,323.75 ,0.00 ,7774.00 ,0.00 ,-999.00 ,-999.00 ,103.12 ,0.20 ,0.20 ,2.50 ,3.53 ,73 ,1.85 ,3.09 ,72 ,0.32 ,5.91 ,5.90 ,5.92 ,6.34 ,6.33 ,6.35 ,6.74 ,6.73 ,6.75 ,-999.00 ,-999.00 ,-999.00 ,10.76 ,12.04 ,3.96 ,3.95 ,3.96 ,-999.00 ,-999.00 ,-999.00 ,-999.00 ,-999.00 ,-999.00 ,7.36 ,7.34 ,7.37 ,-2.75 ,-2.98 ,-3.04 ,-8.33 ,0.69 ,0.69 ,0.69 ,0.74 ,0.70 ,0.70 ,0.69 ,0.74 ,0.56 ,,100.00 ,0.00 ,0.00 ,0.00 ,69.12 ,136.10 ,136.10 
"2024-12-12",19:20,3.38 ,3.36 ,3.39 ,3.40 ,3.39 ,3.42 ,3.56 ,3.56 ,3.56 ,3.56 ,3.55 ,3.58 ,2.53 ,2.52 ,2.55 ,3.47 ,92.11 ,0.00 ,0.00 ,328.82 ,331.41 ,2.76 ,0.00 ,0.00 ,323.67 ,0.00 ,7777.50 ,0.00 ,-999.00 ,-999.00 ,103.12 ,0.20 ,0.20 ,2.73 ,4.43 ,87 ,2.07 ,3.77 ,89 ,0.32 ,5.91 ,5.90 ,5.93 ,6.34 ,6.33 ,6.34 ,6.74 ,6.74 ,6.75 ,-999.00 ,-999.00 ,-999.00 ,10.75 ,12.05 ,3.94 ,3.92 ,3.95 ,-999.00 ,-999.00 ,-999.00 ,-999.00 ,-999.00 ,-999.00 ,7.36 ,7.34 ,7.38 ,-2.78 ,-3.00 ,-3.08 ,-8.26 ,0.69 ,0.69 ,0.69 ,0.74 ,0.70 ,0.70 ,0.69 ,0.74 ,0.56 ,,100.00 ,0.00 ,0.00 ,0.00 ,69.12 ,136.10 ,136.10 
"2024-12-12",19:30,3.40 ,3.39 ,3.43 ,3.42 ,3.39 ,3.45 ,3.58 ,3.56 ,3.62 ,3.59 ,3.58 ,3.59 ,2.53 ,2.51 ,2.55 ,3.50 ,92.20 ,0.00 ,0.00 ,328.61 ,331.11 ,2.93 ,0.00 ,0.00 ,323.82 ,0.00 ,7942.90 ,0.00 ,-999.00 ,-999.00 ,103.12 ,0.20 ,0.20 ,2.70 ,3.49 ,72 ,2.10 ,3.38 ,72 ,0.32 ,5.92 ,5.91 ,5.93 ,6.33 ,6.33 ,6.34 ,6.74 ,6.73 ,6.75 ,-999.00 ,-999.00 ,-999.00 ,10.75 ,12.05 ,3.91 ,3.90 ,3.93 ,-999.00 ,-999.00 ,-999.00 ,-999.00 ,-999.00 ,-999.00 ,7.35 ,7.32 ,7.37 ,-2.80 ,-3.02 ,-3.12 ,-8.23 ,0.69 ,0.69 ,0.69 ,0.74 ,0.70 ,0.70 ,0.69 ,0.74 ,0.56 ,,100.00 ,0.00 ,0.00 ,0.00 ,69.12 ,136.10 ,136.10 
"2024-12-12",19:40,3.42 ,3.41 ,3.43 ,3.43 ,3.42 ,3.46 ,3.59 ,3.56 ,3.62 ,3.59 ,3.58 ,3.59 ,2.53 ,2.50 ,2.55 ,3.50 ,92.47 ,0.00 ,0.00 ,328.93 ,331.11 ,3.08 ,0.00 ,0.00 ,324.17 ,0.00 ,7718.90 ,0.00 ,-999.00 ,-999.00 ,103.11 ,0.20 ,0.20 ,2.43 ,3.25 ,69 ,1.91 ,2.63 ,69 ,0.32 ,5.92 ,5.91 ,5.93 ,6.33 ,6.33 ,6.35 ,6.74 ,6.74 ,6.75 ,-999.00 ,-999.00 ,-999.00 ,10.75 ,12.05 ,3.89 ,3.88 ,3.90 ,-999.00 ,-999.00 ,-999.00 ,-999.00 ,-999.00 ,-999.00 ,7.35 ,7.33 ,7.38 ,-2.82 ,-3.05 ,-3.16 ,-8.21 ,0.69 ,0.69 ,0.69 ,0.74 ,0.70 ,0.70 ,0.69 ,0.74 ,0.56 ,,100.00 ,0.00 ,0.00 ,0.00 ,69.12 ,136.10 ,136.10 
"2024-12-12",19:50,3.43 ,3.43 ,3.45 ,3.45 ,3.44 ,3.47 ,3.58 ,3.56 ,3.62 ,3.57 ,3.53 ,3.59 ,2.56 ,2.55 ,2.57 ,3.42 ,93.79 ,0.00 ,0.00 ,329.12 ,331.73 ,2.54 ,0.00 ,0.00 ,323.72 ,0.00 ,7691.60 ,0.00 ,-999.00 ,-999.00 ,103.11 ,0.20 ,0.20 ,2.46 ,3.35 ,59 ,1.86 ,2.80 ,58 ,0.32 ,5.92 ,5.90 ,5.93 ,6.34 ,6.33 ,6.35 ,6.74 ,6.73 ,6.74 ,-999.00 ,-999.00 ,-999.00 ,10.75 ,12.05 ,3.88 ,3.87 ,3.89 ,-999.00 ,-999.00 ,-999.00 ,-999.00 ,-999.00 ,-999.00 ,7.36 ,7.33 ,7.39 ,-2.85 ,-3.07 ,-3.20 ,-8.11 ,0.69 ,0.69 ,0.69 ,0.74 ,0.70 ,0.70 ,0.69 ,0.74 ,0.56 ,,100.00 ,0.00 ,0.00 ,0.00 ,69.12 ,136.10 ,136.10 
"2024-12-12",20:00,3.43 ,3.42 ,3.46 ,3.44 ,3.43 ,3.46 ,3.56 ,3.54 ,3.57 ,3.52 ,3.50 ,3.53 ,2.57 ,2.56 ,2.58 ,3.40 ,94.23 ,0.00 ,0.00 ,328.84 ,331.39 ,2.70 ,0.00 ,0.00 ,323.62 ,0.00 ,7530.30 ,0.00 ,-999.00 ,-999.00 ,103.11 ,0.20 ,0.20 ,2.75 ,3.77 ,57 ,2.17 ,3.16 ,57 ,0.32 ,5.91 ,5.91 ,5.92 ,6.34 ,6.34 ,6.35 ,6.74 ,6.73 ,6.75 ,-999.00 ,-999.00 ,-999.00 ,10.75 ,12.04 ,3.87 ,3.86 ,3.88 ,-999.00 ,-999.00 ,-999.00 ,-999.00 ,-999.00 ,-999.00 ,7.36 ,7.33 ,7.38 ,-2.87 ,-3.10 ,-3.23 ,-8.01 ,0.69 ,0.69 ,0.69 ,0.74 ,0.70 ,0.70 ,0.69 ,0.74 ,0.56 ,,100.00 ,0.00 ,0.00 ,0.00 ,69.12 ,136.10 ,136.10 
"2024-12-12",20:10,3.41 ,3.40 ,3.44 ,3.42 ,3.41 ,3.44 ,3.50 ,3.46 ,3.54 ,3.48 ,3.42 ,3.51 ,2.56 ,2.55 ,2.58 ,3.38 ,94.57 ,0.00 ,0.00 ,329.10 ,331.40 ,2.98 ,0.00 ,0.00 ,323.61 ,0.00 ,7769.30 ,0.00 ,-999.00 ,-999.00 ,103.11 ,0.20 ,0.20 ,2.74 ,3.68 ,57 ,2.15 ,3.41 ,57 ,0.32 ,5.92 ,5.91 ,5.93 ,6.34 ,6.33 ,6.35 ,6.74 ,6.73 ,6.75 ,-999.00 ,-999.00 ,-999.00 ,10.75 ,12.04 ,3.85 ,3.84 ,3.86 ,-999.00 ,-999.00 ,-999.00 ,-999.00 ,-999.00 ,-999.00 ,7.36 ,7.34 ,7.37 ,-2.90 ,-3.13 ,-3.27 ,-8.00 ,0.69 ,0.69 ,0.69 ,0.74 ,0.70 ,0.70 ,0.69 ,0.74 ,0.56 ,,100.00 ,0.00 ,0.00 ,0.00 ,69.12 ,136.10 ,136.10 
"2024-12-12",20:20,3.38 ,3.37 ,3.39 ,3.40 ,3.38 ,3.41 ,3.48 ,3.46 ,3.50 ,3.47 ,3.43 ,3.49 ,2.55 ,2.54 ,2.56 ,3.39 ,94.28 ,0.00 ,0.00 ,329.38 ,331.57 ,3.13 ,0.00 ,0.00 ,323.99 ,0.00 ,7429.40 ,0.00 ,-999.00 ,-999.00 ,103.11 ,0.20 ,0.20 ,2.71 ,3.96 ,57 ,2.09 ,3.62 ,57 ,0.32 ,5.91 ,5.89 ,5.92 ,6.34 ,6.34 ,6.35 ,6.74 ,6.73 ,6.75 ,-999.00 ,-999.00 ,-999.00 ,10.75 ,12.04 ,3.83 ,3.83 ,3.84 ,-999.00 ,-999.00 ,-999.00 ,-999.00 ,-999.00 ,-999.00 ,7.35 ,7.34 ,7.37 ,-2.92 ,-3.16 ,-3.31 ,-7.98 ,0.69 ,0.69 ,0.69 ,0.74 ,0.70 ,0.70 ,0.69 ,0.74 ,0.56 ,,100.00 ,0.00 ,0.00 ,0.00 ,69.12 ,136.10 ,136.10 
"2024-12-12",20:30,3.38 ,3.37 ,3.40 ,3.39 ,3.37 ,3.41 ,3.47 ,3.44 ,3.49 ,3.45 ,3.41 ,3.49 ,2.55 ,2.53 ,2.56 ,3.40 ,93.91 ,0.00 ,0.00 ,329.15 ,331.49 ,3.03 ,0.00 ,0.00 ,323.88 ,0.00 ,7527.30 ,0.00 ,-999.00 ,-999.00 ,103.10 ,0.20 ,0.20 ,3.26 ,4.54 ,57 ,2.59 ,4.11 ,58 ,0.32 ,5.90 ,5.89 ,5.91 ,6.34 ,6.33 ,6.35 ,6.74 ,6.73 ,6.74 ,-999.00 ,-999.00 ,-999.00 ,10.75 ,12.05 ,3.82 ,3.81 ,3.83 ,-999.00 ,-999.00 ,-999.00 ,-999.00 ,-999.00 ,-999.00 ,7.35 ,7.33 ,7.38 ,-2.95 ,-3.19 ,-3.34 ,-7.91 ,0.69 ,0.69 ,0.69 ,0.74 ,0.70 ,0.70 ,0.69 ,0.74 ,0.56 ,,100.00 ,0.00 ,0.00 ,0.00 ,69.12 ,136.10 ,136.10 
"2024-12-12",20:40,3.36 ,3.34 ,3.37 ,3.37 ,3.36 ,3.39 ,3.45 ,3.43 ,3.47 ,3.44 ,3.42 ,3.45 ,2.52 ,2.51 ,2.53 ,3.40 ,93.31 ,0.00 ,0.00 ,328.88 ,331.25 ,2.92 ,0.00 ,0.00 ,323.72 ,0.00 ,7542.90 ,0.00 ,-999.00 ,-999.00 ,103.10 ,0.20 ,0.20 ,2.99 ,3.90 ,57 ,2.21 ,3.53 ,55 ,0.32 ,5.90 ,5.89 ,5.92 ,6.34 ,6.33 ,6.34 ,6.74 ,6.73 ,6.74 ,-999.00 ,-999.00 ,-999.00 ,10.75 ,12.04 ,3.81 ,3.81 ,3.82 ,-999.00 ,-999.00 ,-999.00 ,-999.00 ,-999.00 ,-999.00 ,7.34 ,7.31 ,7.37 ,-2.97 ,-3.22 ,-3.37 ,-7.90 ,0.69 ,0.69 ,0.69 ,0.74 ,0.70 ,0.70 ,0.69 ,0.74 ,0.56 ,,100.00 ,0.00 ,0.00 ,0.00 ,69.12 ,136.10 ,136.10 
"2024-12-12",20:50,3.36 ,3.34 ,3.38 ,3.38 ,3.37 ,3.41 ,3.49 ,3.47 ,3.52 ,3.49 ,3.47 ,3.53 ,2.52 ,2.50 ,2.56 ,3.40 ,92.92 ,0.00 ,0.00 ,328.95 ,331.18 ,3.12 ,0.00 ,0.00 ,323.86 ,0.00 ,7623.70 ,0.00 ,-999.00 ,-999.00 ,103.10 ,0.20 ,0.20 ,3.09 ,4.68 ,58 ,2.23 ,3.49 ,59 ,0.32 ,5.90 ,5.89 ,5.91 ,6.34 ,6.34 ,6.35 ,6.74 ,6.73 ,6.75 ,-999.00 ,-999.00 ,-999.00 ,10.75 ,12.04 ,3.80 ,3.78 ,3.81 ,-999.00 ,-999.00 ,-999.00 ,-999.00 ,-999.00 ,-999.00 ,7.35 ,7.33 ,7.36 ,-3.00 ,-3.25 ,-3.40 ,-7.93 ,0.69 ,0.69 ,0.69 ,0.74 ,0.70 ,0.70 ,0.69 ,0.74 ,0.56 ,,100.00 ,0.00 ,0.00 ,0.00 ,69.12 ,136.10 ,136.10 
"2024-12-12",21:00,3.38 ,3.37 ,3.39 ,3.40 ,3.38 ,3.41 ,3.51 ,3.49 ,3.52 ,3.51 ,3.49 ,3.53 ,2.54 ,2.53 ,2.56 ,3.40 ,93.27 ,0.00 ,0.00 ,328.68 ,330.90 ,3.21 ,0.00 ,0.00 ,323.91 ,0.00 ,7762.50 ,0.00 ,-999.00 ,-999.00 ,103.10 ,0.20 ,0.20 ,3.04 ,4.21 ,59 ,2.32 ,3.58 ,60 ,0.32 ,5.90 ,5.88 ,5.91 ,6.34 ,6.33 ,6.35 ,6.73 ,6.73 ,6.74 ,-999.00 ,-999.00 ,-999.00 ,10.74 ,12.05 ,3.79 ,3.78 ,3.80 ,-999.00 ,-999.00 ,-999.00 ,-999.00 ,-999.00 ,-999.00 ,7.34 ,7.32 ,7.35 ,-3.02 ,-3.28 ,-3.44 ,-7.93 ,0.69 ,0.69 ,0.69 ,0.74 ,0.70 ,0.70 ,0.69 ,0.74 ,0.56 ,,100.00 ,0.00 ,0.00 ,0.00 ,69.12 ,136.10 ,136.10 
"2024-12-12",21:10,3.37 ,3.36 ,3.39 ,3.39 ,3.38 ,3.41 ,3.49 ,3.47 ,3.51 ,3.48 ,3.44 ,3.51 ,2.53 ,2.51 ,2.54 ,3.40 ,93.44 ,0.00 ,0.00 ,328.88 ,330.81 ,3.52 ,0.00 ,0.00 ,324.00 ,0.00 ,7845.60 ,0.00 ,-999.00 ,-999.00 ,103.09 ,0.20 ,0.20 ,3.19 ,4.61 ,64 ,2.70 ,3.97 ,64 ,0.32 ,5.90 ,5.88 ,5.90 ,6.34 ,6.33 ,6.34 ,6.74 ,6.73 ,6.74 ,-999.00 ,-999.00 ,-999.00 ,10.75 ,12.05 ,3.78 ,3.77 ,3.79 ,-999.00 ,-999.00 ,-999.00 ,-999.00 ,-999.00 ,-999.00 ,7.34 ,7.33 ,7.36 ,-3.05 ,-3.31 ,-3.47 ,-7.92 ,0.69 ,0.69 ,0.69 ,0.74 ,0.70 ,0.70 ,0.69 ,0.74 ,0.56 ,,100.00 ,0.00 ,0.00 ,0.00 ,69.12 ,136.10 ,136.10 
"2024-12-12",21:20,3.36 ,3.33 ,3.38 ,3.37 ,3.35 ,3.40 ,3.46 ,3.43 ,3.48 ,3.44 ,3.42 ,3.46 ,2.49 ,2.47 ,2.52 ,3.37 ,93.25 ,0.00 ,0.00 ,329.04 ,331.11 ,3.43 ,0.00 ,0.00 ,324.03 ,0.00 ,7790.30 ,0.00 ,-999.00 ,-999.00 ,103.09 ,0.20 ,0.20 ,3.33 ,4.29 ,62 ,2.71 ,3.94 ,61 ,0.32 ,5.89 ,5.89 ,5.90 ,6.34 ,6.33 ,6.35 ,6.74 ,6.73 ,6.75 ,-999.00 ,-999.00 ,-999.00 ,10.74 ,12.04 ,3.76 ,3.75 ,3.77 ,-999.00 ,-999.00 ,-999.00 ,-999.00 ,-999.00 ,-999.00 ,7.34 ,7.32 ,7.36 ,-3.07 ,-3.33 ,-3.50 ,-7.92 ,0.69 ,0.69 ,0.69 ,0.74 ,0.70 ,0.70 ,0.69 ,0.74 ,0.56 ,,100.00 ,0.00 ,0.00 ,0.00 ,69.12 ,136.10 ,136.10 
"2024-12-12",21:30,3.34 ,3.33 ,3.36 ,3.36 ,3.34 ,3.37 ,3.47 ,3.45 ,3.49 ,3.44 ,3.43 ,3.48 ,2.48 ,2.46 ,2.50 ,3.36 ,93.11 ,0.00 ,0.00 ,329.10 ,331.03 ,3.49 ,0.00 ,0.00 ,324.30 ,0.00 ,7717.40 ,0.00 ,-999.00 ,-999.00 ,103.09 ,0.20 ,0.20 ,2.98 ,4.02 ,68 ,2.32 ,3.31 ,70 ,0.32 ,5.89 ,5.88 ,5.90 ,6.34 ,6.33 ,6.35 ,6.73 ,6.72 ,6.74 ,-999.00 ,-999.00 ,-999.00 ,10.75 ,12.04 ,3.74 ,3.74 ,3.75 ,-999.00 ,-999.00 ,-999.00 ,-999.00 ,-999.00 ,-999.00 ,7.34 ,7.33 ,7.35 ,-3.10 ,-3.36 ,-3.53 ,-7.96 ,0.69 ,0.69 ,0.69 ,0.74 ,0.70 ,0.70 ,0.69 ,0.74 ,0.56 ,,100.00 ,0.00 ,0.00 ,0.00 ,69.12 ,136.10 ,136.10 
"2024-12-12",21:40,3.34 ,3.33 ,3.37 ,3.35 ,3.34 ,3.37 ,3.46 ,3.44 ,3.47 ,3.44 ,3.43 ,3.45 ,2.47 ,2.46 ,2.48 ,3.37 ,92.73 ,0.00 ,0.00 ,328.57 ,330.77 ,3.27 ,0.00 ,0.00 ,324.08 ,0.00 ,7847.80 ,0.00 ,-999.00 ,-999.00 ,103.09 ,0.20 ,0.20 ,3.37 ,4.99 ,68 ,2.67 ,3.83 ,66 ,0.32 ,5.89 ,5.88 ,5.90 ,6.34 ,6.33 ,6.36 ,6.73 ,6.73 ,6.74 ,-999.00 ,-999.00 ,-999.00 ,10.75 ,12.05 ,3.73 ,3.72 ,3.74 ,-999.00 ,-999.00 ,-999.00 ,-999.00 ,-999.00 ,-999.00 ,7.34 ,7.32 ,7.35 ,-3.12 ,-3.39 ,-3.56 ,-7.93 ,0.69 ,0.69 ,0.69 ,0.74 ,0.70 ,0.70 ,0.69 ,0.74 ,0.56 ,,100.00 ,0.00 ,0.00 ,0.00 ,69.12 ,136.10 ,136.10 
"2024-12-12",21:50,3.32 ,3.29 ,3.35 ,3.33 ,3.30 ,3.36 ,3.43 ,3.40 ,3.46 ,3.42 ,3.38 ,3.44 ,2.47 ,2.45 ,2.48 ,3.36 ,92.49 ,0.00 ,0.00 ,328.36 ,330.87 ,3.04 ,0.01 ,0.00 ,323.60 ,0.00 ,7744.20 ,0.00 ,-999.00 ,-999.00 ,103.09 ,0.20 ,0.20 ,3.39 ,4.94 ,80 ,2.60 ,3.98 ,83 ,0.32 ,5.89 ,5.88 ,5.90 ,6.35 ,6.34 ,6.36 ,6.74 ,6.73 ,6.74 ,-999.00 ,-999.00 ,-999.00 ,10.75 ,12.05 ,3.72 ,3.71 ,3.74 ,-999.00 ,-999.00 ,-999.00 ,-999.00 ,-999.00 ,-999.00 ,7.33 ,7.32 ,7.36 ,-3.15 ,-3.41 ,-3.59 ,-7.94 ,0.69 ,0.69 ,0.69 ,0.74 ,0.70 ,0.70 ,0.69 ,0.74 ,0.56 ,,100.00 ,0.00 ,0.00 ,0.00 ,69.12 ,136.10 ,136.10 
"2024-12-12",22:00,3.27 ,3.23 ,3.28 ,3.28 ,3.25 ,3.30 ,3.41 ,3.40 ,3.42 ,3.39 ,3.37 ,3.43 ,2.39 ,2.36 ,2.42 ,3.31 ,91.18 ,0.00 ,0.00 ,327.50 ,330.70 ,2.40 ,0.10 ,0.00 ,323.14 ,0.00 ,7839.90 ,0.00 ,-999.00 ,-999.00 ,103.09 ,0.20 ,0.20 ,3.76 ,5.10 ,84 ,2.66 ,4.48 ,85 ,0.32 ,5.88 ,5.87 ,5.89 ,6.34 ,6.33 ,6.35 ,6.74 ,6.73 ,6.75 ,-999.00 ,-999.00 ,-999.00 ,10.75 ,12.05 ,3.71 ,3.69 ,3.72 ,-999.00 ,-999.00 ,-999.00 ,-999.00 ,-999.00 ,-999.00 ,7.33 ,7.32 ,7.34 ,-3.17 ,-3.44 ,-3.62 ,-8.00 ,0.69 ,0.69 ,0.69 ,0.74 ,0.70 ,0.70 ,0.69 ,0.74 ,0.56 ,,100.00 ,0.00 ,0.00 ,0.00 ,69.12 ,136.10 ,136.10 
"2024-12-12",22:10,3.24 ,3.21 ,3.25 ,3.26 ,3.24 ,3.29 ,3.44 ,3.38 ,3.48 ,3.43 ,3.38 ,3.46 ,2.33 ,2.31 ,2.35 ,3.39 ,89.81 ,0.00 ,0.00 ,326.81 ,330.18 ,2.25 ,0.29 ,0.00 ,322.70 ,0.00 ,7750.30 ,0.00 ,-999.00 ,-999.00 ,103.08 ,0.20 ,0.20 ,4.47 ,6.08 ,84 ,3.48 ,5.24 ,82 ,0.32 ,5.88 ,5.87 ,5.90 ,6.34 ,6.33 ,6.35 ,6.73 ,6.72 ,6.74 ,-999.00 ,-999.00 ,-999.00 ,10.75 ,12.05 ,3.67 ,3.65 ,3.69 ,-999.00 ,-999.00 ,-999.00 ,-999.00 ,-999.00 ,-999.00 ,7.34 ,7.32 ,7.35 ,-3.19 ,-3.46 ,-3.65 ,-8.19 ,0.69 ,0.69 ,0.69 ,0.74 ,0.70 ,0.70 ,0.69 ,0.74 ,0.56 ,,100.00 ,0.00 ,0.00 ,0.00 ,69.12 ,136.10 ,136.10 
"2024-12-12",22:20,3.26 ,3.24 ,3.28 ,3.27 ,3.25 ,3.29 ,3.45 ,3.42 ,3.48 ,3.44 ,3.44 ,3.46 ,2.31 ,2.30 ,2.33 ,3.33 ,90.10 ,0.00 ,0.00 ,326.10 ,330.04 ,1.57 ,0.29 ,0.00 ,322.46 ,0.00 ,7730.80 ,0.00 ,-999.00 ,-999.00 ,103.07 ,0.20 ,0.20 ,3.57 ,5.05 ,86 ,2.88 ,4.36 ,87 ,0.32 ,5.88 ,5.86 ,5.89 ,6.34 ,6.33 ,6.36 ,6.73 ,6.73 ,6.74 ,-999.00 ,-999.00 ,-999.00 ,10.74 ,12.05 ,3.65 ,3.64 ,3.66 ,-999.00 ,-999.00 ,-999.00 ,-999.00 ,-999.00 ,-999.00 ,7.32 ,7.31 ,7.33 ,-3.22 ,-3.48 ,-3.68 ,-8.52 ,0.69 ,0.69 ,0.69 ,0.74 ,0.70 ,0.70 ,0.69 ,0.74 ,0.56 ,,100.00 ,0.00 ,0.00 ,0.00 ,69.12 ,136.10 ,136.10 
"2024-12-12",22:30,3.28 ,3.26 ,3.31 ,3.30 ,3.28 ,3.32 ,3.46 ,3.44 ,3.47 ,3.44 ,3.44 ,3.45 ,2.32 ,2.30 ,2.34 ,3.30 ,91.14 ,0.00 ,0.00 ,325.90 ,330.33 ,1.05 ,0.14 ,0.00 ,323.07 ,0.00 ,7715.20 ,0.00 ,-999.00 ,-999.00 ,103.08 ,0.20 ,0.20 ,3.09 ,4.24 ,99 ,2.12 ,3.14 ,98 ,0.32 ,5.87 ,5.86 ,5.88 ,6.34 ,6.33 ,6.35 ,6.73 ,6.72 ,6.74 ,-999.00 ,-999.00 ,-999.00 ,10.75 ,12.06 ,3.63 ,3.62 ,3.64 ,-999.00 ,-999.00 ,-999.00 ,-999.00 ,-999.00 ,-999.00 ,7.33 ,7.32 ,7.35 ,-3.24 ,-3.51 ,-3.71 ,-8.66 ,0.69 ,0.69 ,0.69 ,0.74 ,0.70 ,0.70 ,0.69 ,0.74 ,0.56 ,,100.00 ,0.00 ,0.00 ,0.00 ,69.12 ,136.10 ,136.10 
"2024-12-12",22:40,3.29 ,3.27 ,3.31 ,3.30 ,3.28 ,3.32 ,3.42 ,3.41 ,3.47 ,3.42 ,3.40 ,3.44 ,2.34 ,2.33 ,2.36 ,3.30 ,90.39 ,0.00 ,0.00 ,324.67 ,329.86 ,0.47 ,0.09 ,0.00 ,323.03 ,0.00 ,7592.30 ,0.00 ,-999.00 ,-999.00 ,103.08 ,0.20 ,0.20 ,2.94 ,4.42 ,108 ,2.23 ,3.51 ,108 ,0.32 ,5.87 ,5.86 ,5.88 ,6.34 ,6.33 ,6.35 ,6.73 ,6.72 ,6.74 ,-999.00 ,-999.00 ,-999.00 ,10.75 ,12.05 ,3.62 ,3.60 ,3.63 ,-999.00 ,-999.00 ,-999.00 ,-999.00 ,-999.00 ,-999.00 ,7.33 ,7.31 ,7.35 ,-3.26 ,-3.53 ,-3.74 ,-8.59 ,0.69 ,0.69 ,0.69 ,0.74 ,0.70 ,0.70 ,0.69 ,0.74 ,0.56 ,,100.00 ,0.00 ,0.00 ,0.00 ,69.12 ,136.10 ,136.10 
"2024-12-12",22:50,3.26 ,3.24 ,3.28 ,3.27 ,3.24 ,3.29 ,3.39 ,3.36 ,3.41 ,3.37 ,3.35 ,3.39 ,2.31 ,2.30 ,2.33 ,3.30 ,90.05 ,0.00 ,0.00 ,324.91 ,330.01 ,0.72 ,0.22 ,0.00 ,322.79 ,0.00 ,7714.10 ,0.00 ,-999.00 ,-999.00 ,103.08 ,0.20 ,0.20 ,3.22 ,5.00 ,110 ,2.48 ,4.11 ,110 ,0.32 ,5.87 ,5.87 ,5.88 ,6.34 ,6.33 ,6.35 ,6.73 ,6.73 ,6.74 ,-999.00 ,-999.00 ,-999.00 ,10.75 ,12.05 ,3.59 ,3.58 ,3.60 ,-999.00 ,-999.00 ,-999.00 ,-999.00 ,-999.00 ,-999.00 ,7.32 ,7.29 ,7.34 ,-3.28 ,-3.55 ,-3.77 ,-8.56 ,0.69 ,0.69 ,0.69 ,0.74 ,0.70 ,0.70 ,0.69 ,0.74 ,0.56 ,,100.00 ,0.00 ,0.00 ,0.00 ,69.12 ,136.10 ,136.10 
"2024-12-12",23:00,3.21 ,3.16 ,3.24 ,3.22 ,3.19 ,3.25 ,3.33 ,3.32 ,3.37 ,3.33 ,3.30 ,3.36 ,2.27 ,2.23 ,2.31 ,3.25 ,89.31 ,0.00 ,0.00 ,324.35 ,329.57 ,0.53 ,0.29 ,0.00 ,322.15 ,0.00 ,7447.00 ,0.00 ,-999.00 ,-999.00 ,103.08 ,0.20 ,0.20 ,4.86 ,7.22 ,114 ,3.76 ,5.90 ,114 ,0.32 ,5.86 ,5.86 ,5.87 ,6.34 ,6.33 ,6.35 ,6.73 ,6.72 ,6.74 ,-999.00 ,-999.00 ,-999.00 ,10.75 ,12.06 ,3.57 ,3.55 ,3.59 ,-999.00 ,-999.00 ,-999.00 ,-999.00 ,-999.00 ,-999.00 ,7.32 ,7.30 ,7.34 ,-3.30 ,-3.57 ,-3.81 ,-8.72 ,0.69 ,0.69 ,0.69 ,0.74 ,0.70 ,0.70 ,0.69 ,0.74 ,0.56 ,,100.00 ,0.00 ,0.00 ,0.00 ,69.12 ,136.10 ,136.10 
"2024-12-12",23:10,3.18 ,3.16 ,3.19 ,3.20 ,3.17 ,3.23 ,3.34 ,3.31 ,3.37 ,3.33 ,3.30 ,3.36 ,2.22 ,2.21 ,2.25 ,3.21 ,89.08 ,0.00 ,0.00 ,324.85 ,329.46 ,0.83 ,0.29 ,0.00 ,322.12 ,0.00 ,7639.70 ,0.00 ,-999.00 ,-999.00 ,103.09 ,0.20 ,0.20 ,3.69 ,5.55 ,84 ,3.10 ,5.01 ,87 ,0.32 ,5.86 ,5.85 ,5.87 ,6.33 ,6.31 ,6.35 ,6.73 ,6.72 ,6.74 ,-999.00 ,-999.00 ,-999.00 ,10.74 ,12.08 ,3.53 ,3.51 ,3.55 ,-999.00 ,-999.00 ,-999.00 ,-999.00 ,-999.00 ,-999.00 ,7.31 ,7.29 ,7.33 ,-3.33 ,-3.60 ,-3.84 ,-9.11 ,0.69 ,0.69 ,0.69 ,0.74 ,0.70 ,0.70 ,0.69 ,0.74 ,0.56 ,,100.00 ,0.00 ,0.00 ,0.00 ,69.12 ,136.10 ,136.10 
"2024-12-12",23:20,3.24 ,3.21 ,3.27 ,3.25 ,3.20 ,3.27 ,3.38 ,3.36 ,3.42 ,3.37 ,3.36 ,3.39 ,2.27 ,2.24 ,2.31 ,3.29 ,89.99 ,0.00 ,0.00 ,324.95 ,329.72 ,0.64 ,0.09 ,0.00 ,322.70 ,0.00 ,7665.80 ,0.00 ,-999.00 ,-999.00 ,103.08 ,0.20 ,0.20 ,3.20 ,4.24 ,93 ,2.53 ,3.47 ,90 ,0.32 ,5.86 ,5.85 ,5.86 ,6.33 ,6.33 ,6.35 ,6.73 ,6.71 ,6.74 ,-999.00 ,-999.00 ,-999.00 ,10.75 ,12.08 ,3.51 ,3.50 ,3.53 ,-999.00 ,-999.00 ,-999.00 ,-999.00 ,-999.00 ,-999.00 ,7.32 ,7.31 ,7.33 ,-3.35 ,-3.62 ,-3.87 ,-9.29 ,0.69 ,0.69 ,0.69 ,0.74 ,0.70 ,0.70 ,0.69 ,0.74 ,0.56 ,,100.00 ,0.00 ,0.00 ,0.00 ,69.12 ,136.10 ,136.10 
"2024-12-12",23:30,3.25 ,3.23 ,3.27 ,3.27 ,3.24 ,3.28 ,3.38 ,3.36 ,3.41 ,3.37 ,3.36 ,3.39 ,2.32 ,2.30 ,2.33 ,3.29 ,90.89 ,0.00 ,0.00 ,325.15 ,329.92 ,0.74 ,0.00 ,0.00 ,322.74 ,0.00 ,7950.80 ,0.00 ,-999.00 ,-999.00 ,103.08 ,0.20 ,0.20 ,2.70 ,4.11 ,98 ,2.00 ,3.60 ,97 ,0.32 ,5.85 ,5.84 ,5.86 ,6.33 ,6.33 ,6.34 ,6.72 ,6.71 ,6.73 ,-999.00 ,-999.00 ,-999.00 ,10.75 ,12.08 ,3.51 ,3.50 ,3.51 ,-999.00 ,-999.00 ,-999.00 ,-999.00 ,-999.00 ,-999.00 ,7.31 ,7.30 ,7.33 ,-3.37 ,-3.65 ,-3.90 ,-9.12 ,0.69 ,0.69 ,0.69 ,0.74 ,0.70 ,0.70 ,0.69 ,0.74 ,0.56 ,,100.00 ,0.00 ,0.00 ,0.00 ,69.12 ,136.10 ,136.10 
"2024-12-12",23:40,3.26 ,3.24 ,3.28 ,3.26 ,3.25 ,3.28 ,3.34 ,3.32 ,3.37 ,3.34 ,3.31 ,3.36 ,2.32 ,2.31 ,2.33 ,3.21 ,91.11 ,0.00 ,0.00 ,324.57 ,330.00 ,0.07 ,0.00 ,0.00 ,322.79 ,0.00 ,7773.90 ,0.00 ,-999.00 ,-999.00 ,103.08 ,0.20 ,0.20 ,2.42 ,3.94 ,105 ,1.93 ,3.37 ,104 ,0.32 ,5.85 ,5.84 ,5.86 ,6.34 ,6.33 ,6.34 ,6.73 ,6.72 ,6.74 ,-999.00 ,-999.00 ,-999.00 ,10.75 ,12.08 ,3.50 ,3.49 ,3.52 ,-999.00 ,-999.00 ,-999.00 ,-999.00 ,-999.00 ,-999.00 ,7.31 ,7.29 ,7.34 ,-3.39 ,-3.67 ,-3.92 ,-8.86 ,0.69 ,0.69 ,0.69 ,0.74 ,0.70 ,0.70 ,0.69 ,0.74 ,0.56 ,,100.00 ,0.00 ,0.00 ,0.00 ,69.12 ,136.10 ,136.10 
"2024-12-12",23:50,3.19 ,3.18 ,3.23 ,3.20 ,3.18 ,3.23 ,3.28 ,3.25 ,3.29 ,3.29 ,3.25 ,3.30 ,2.25 ,2.21 ,2.31 ,3.20 ,89.53 ,0.00 ,0.00 ,324.21 ,329.50 ,0.55 ,0.25 ,0.00 ,322.11 ,0.00 ,7822.10 ,0.00 ,-999.00 ,-999.00 ,103.07 ,0.20 ,0.20 ,3.42 ,5.29 ,100 ,2.72 ,3.98 ,99 ,0.32 ,5.85 ,5.84 ,5.86 ,6.33 ,6.32 ,6.35 ,6.73 ,6.72 ,6.73 ,-999.00 ,-999.00 ,-999.00 ,10.74 ,12.07 ,3.49 ,3.48 ,3.50 ,-999.00 ,-999.00 ,-999.00 ,-999.00 ,-999.00 ,-999.00 ,7.31 ,7.29 ,7.33 ,-3.42 ,-3.70 ,-3.95 ,-8.72 ,0.69 ,0.69 ,0.69 ,0.74 ,0.70 ,0.70 ,0.69 ,0.74 ,0.56 ,,100.00 ,0.00 ,0.00 ,0.00 ,69.12 ,136.10 ,136.10 
"2024-12-13",00:00,3.18 ,3.16 ,3.20 ,3.19 ,3.17 ,3.21 ,3.28 ,3.27 ,3.29 ,3.30 ,3.27 ,3.30 ,2.23 ,2.22 ,2.24 ,3.20 ,89.97 ,0.00 ,0.00 ,324.60 ,329.82 ,0.52 ,0.01 ,0.00 ,322.26 ,0.00 ,7942.60 ,0.00 ,-999.00 ,-999.00 ,103.06 ,0.20 ,0.20 ,3.60 ,5.00 ,98 ,2.59 ,4.05 ,99 ,0.32 ,5.84 ,5.83 ,5.85 ,6.33 ,6.33 ,6.34 ,6.72 ,6.71 ,6.73 ,-999.00 ,-999.00 ,-999.00 ,10.75 ,12.06 ,3.49 ,3.48 ,3.49 ,-999.00 ,-999.00 ,-999.00 ,-999.00 ,-999.00 ,-999.00 ,7.31 ,7.29 ,7.32 ,-3.44 ,-3.73 ,-3.98 ,-8.86 ,0.69 ,0.69 ,0.69 ,0.74 ,0.70 ,0.70 ,0.69 ,0.74 ,0.56 ,,100.00 ,0.00 ,0.00 ,0.00 ,69.12 ,136.10 ,136.10 
"2024-12-13",00:10,3.17 ,3.15 ,3.20 ,3.17 ,3.15 ,3.19 ,3.27 ,3.24 ,3.29 ,3.28 ,3.24 ,3.30 ,2.23 ,2.21 ,2.24 ,3.19 ,90.05 ,0.00 ,0.00 ,324.36 ,329.34 ,0.69 ,0.06 ,0.00 ,322.41 ,0.00 ,7743.20 ,0.00 ,-999.00 ,-999.00 ,103.05 ,0.20 ,0.20 ,3.10 ,4.99 ,102 ,2.51 ,5.15 ,101 ,0.32 ,5.84 ,5.84 ,5.84 ,6.33 ,6.32 ,6.34 ,6.72 ,6.71 ,6.73 ,-999.00 ,-999.00 ,-999.00 ,10.74 ,12.07 ,3.47 ,3.46 ,3.49 ,-999.00 ,-999.00 ,-999.00 ,-999.00 ,-999.00 ,-999.00 ,7.32 ,7.30 ,7.33 ,-3.46 ,-3.76 ,-4.01 ,-8.92 ,0.69 ,0.69 ,0.69 ,0.74 ,0.70 ,0.70 ,0.69 ,0.74 ,0.56 ,,100.00 ,0.00 ,0.00 ,0.00 ,69.12 ,136.10 ,136.10 
"2024-12-13",00:20,3.20 ,3.18 ,3.22 ,3.21 ,3.20 ,3.23 ,3.31 ,3.29 ,3.33 ,3.30 ,3.30 ,3.30 ,2.26 ,2.23 ,2.31 ,3.20 ,90.71 ,0.00 ,0.00 ,324.61 ,329.61 ,0.70 ,0.00 ,0.00 ,323.18 ,0.00 ,7817.30 ,0.00 ,-999.00 ,-999.00 ,103.05 ,0.20 ,0.20 ,2.21 ,3.70 ,117 ,1.88 ,3.00 ,123 ,0.32 ,5.83 ,5.83 ,5.84 ,6.33 ,6.32 ,6.34 ,6.72 ,6.71 ,6.73 ,-999.00 ,-999.00 ,-999.00 ,10.74 ,12.08 ,3.46 ,3.45 ,3.47 ,-999.00 ,-999.00 ,-999.00 ,-999.00 ,-999.00 ,-999.00 ,7.31 ,7.30 ,7.33 ,-3.49 ,-3.78 ,-4.03 ,-8.88 ,0.69 ,0.69 ,0.69 ,0.74 ,0.70 ,0.70 ,0.69 ,0.74 ,0.56 ,,100.00 ,0.00 ,0.00 ,0.00 ,69.12 ,136.10 ,136.10 
"2024-12-13",00:30,3.19 ,3.17 ,3.22 ,3.21 ,3.19 ,3.24 ,3.27 ,3.24 ,3.29 ,3.27 ,3.23 ,3.30 ,2.27 ,2.25 ,2.30 ,3.20 ,90.44 ,0.00 ,0.00 ,324.42 ,329.75 ,0.55 ,0.02 ,0.00 ,322.86 ,0.00 ,7897.80 ,0.00 ,-999.00 ,-999.00 ,103.04 ,0.20 ,0.20 ,3.03 ,4.33 ,123 ,2.39 ,3.89 ,124 ,0.32 ,5.83 ,5.82 ,5.84 ,6.33 ,6.32 ,6.34 ,6.72 ,6.72 ,6.73 ,-999.00 ,-999.00 ,-999.00 ,10.74 ,12.08 ,3.46 ,3.44 ,3.47 ,-999.00 ,-999.00 ,-999.00 ,-999.00 ,-999.00 ,-999.00 ,7.31 ,7.30 ,7.32 ,-3.51 ,-3.81 ,-4.06 ,-8.75 ,0.69 ,0.69 ,0.69 ,0.74 ,0.70 ,0.70 ,0.69 ,0.74 ,0.56 ,,100.00 ,0.00 ,0.00 ,0.00 ,69.12 ,136.10 ,136.10 
"2024-12-13",00:40,3.15 ,3.11 ,3.18 ,3.16 ,3.14 ,3.20 ,3.21 ,3.19 ,3.27 ,3.21 ,3.19 ,3.25 ,2.23 ,2.20 ,2.24 ,3.11 ,90.09 ,0.00 ,0.00 ,323.83 ,329.29 ,0.40 ,0.00 ,0.00 ,322.51 ,0.00 ,7848.40 ,0.00 ,-999.00 ,-999.00 ,103.03 ,0.20 ,0.20 ,3.46 ,5.47 ,124 ,2.56 ,4.05 ,123 ,0.32 ,5.83 ,5.81 ,5.84 ,6.33 ,6.32 ,6.34 ,6.72 ,6.72 ,6.73 ,-999.00 ,-999.00 ,-999.00 ,10.74 ,12.07 ,3.44 ,3.43 ,3.46 ,-999.00 ,-999.00 ,-999.00 ,-999.00 ,-999.00 ,-999.00 ,7.30 ,7.29 ,7.32 ,-3.54 ,-3.84 ,-4.08 ,-8.81 ,0.69 ,0.69 ,0.69 ,0.74 ,0.70 ,0.70 ,0.69 ,0.74 ,0.56 ,,100.00 ,0.00 ,0.00 ,0.00 ,69.12 ,136.10 ,136.10 
"2024-12-13",00:50,3.11 ,3.08 ,3.13 ,3.11 ,3.08 ,3.14 ,3.17 ,3.12 ,3.20 ,3.18 ,3.13 ,3.21 ,2.20 ,2.18 ,2.21 ,3.09 ,90.03 ,0.00 ,0.00 ,323.52 ,329.08 ,0.15 ,0.04 ,0.00 ,322.07 ,0.00 ,7820.00 ,0.00 ,-999.00 ,-999.00 ,103.03 ,0.20 ,0.20 ,3.91 ,5.43 ,127 ,2.93 ,4.15 ,128 ,0.32 ,5.82 ,5.80 ,5.83 ,6.33 ,6.32 ,6.33 ,6.72 ,6.71 ,6.73 ,-999.00 ,-999.00 ,-999.00 ,10.75 ,12.08 ,3.42 ,3.41 ,3.44 ,-999.00 ,-999.00 ,-999.00 ,-999.00 ,-999.00 ,-999.00 ,7.30 ,7.29 ,7.31 ,-3.56 ,-3.87 ,-4.10 ,-9.00 ,0.69 ,0.69 ,0.69 ,0.74 ,0.70 ,0.70 ,0.69 ,0.74 ,0.56 ,,100.00 ,0.00 ,0.00 ,0.00 ,69.12 ,136.10 ,136.10 
"2024-12-13",01:00,3.02 ,2.98 ,3.07 ,3.03 ,3.00 ,3.09 ,3.08 ,3.03 ,3.12 ,3.08 ,3.04 ,3.12 ,2.11 ,2.08 ,2.16 ,3.00 ,89.24 ,0.00 ,0.00 ,323.16 ,328.47 ,0.28 ,0.09 ,0.00 ,321.02 ,0.00 ,7542.40 ,0.00 ,-999.00 ,-999.00 ,103.03 ,0.20 ,0.20 ,4.22 ,5.74 ,121 ,3.32 ,5.08 ,122 ,0.32 ,5.81 ,5.81 ,5.82 ,6.32 ,6.31 ,6.34 ,6.72 ,6.71 ,6.73 ,-999.00 ,-999.00 ,-999.00 ,10.76 ,12.08 ,3.40 ,3.38 ,3.43 ,-999.00 ,-999.00 ,-999.00 ,-999.00 ,-999.00 ,-999.00 ,7.30 ,7.28 ,7.31 ,-3.59 ,-3.89 ,-4.12 ,-9.24 ,0.69 ,0.69 ,0.69 ,0.74 ,0.70 ,0.70 ,0.69 ,0.74 ,0.56 ,,100.00 ,0.00 ,0.00 ,0.00 ,69.12 ,136.10 ,136.10 
"2024-12-13",01:10,2.98 ,2.96 ,3.00 ,2.99 ,2.98 ,3.00 ,3.08 ,3.05 ,3.12 ,3.07 ,3.05 ,3.10 ,2.09 ,2.08 ,2.10 ,3.00 ,89.65 ,0.00 ,0.00 ,323.18 ,328.41 ,0.40 ,0.05 ,0.00 ,320.82 ,0.00 ,7876.90 ,0.00 ,-999.00 ,-999.00 ,103.02 ,0.20 ,0.20 ,3.87 ,4.93 ,101 ,2.76 ,4.41 ,103 ,0.32 ,5.80 ,5.79 ,5.82 ,6.32 ,6.32 ,6.33 ,6.72 ,6.71 ,6.72 ,-999.00 ,-999.00 ,-999.00 ,10.77 ,12.08 ,3.38 ,3.37 ,3.39 ,-999.00 ,-999.00 ,-999.00 ,-999.00 ,-999.00 ,-999.00 ,7.30 ,7.28 ,7.32 ,-3.61 ,-3.92 ,-4.14 ,-9.58 ,0.69 ,0.69 ,0.69 ,0.74 ,0.70 ,0.70 ,0.69 ,0.74 ,0.56 ,,100.00 ,0.00 ,0.00 ,0.00 ,69.12 ,136.10 ,136.10 
"2024-12-13",01:20,2.97 ,2.95 ,2.99 ,2.98 ,2.95 ,3.00 ,3.06 ,3.03 ,3.08 ,3.05 ,3.05 ,3.05 ,2.10 ,2.09 ,2.11 ,2.97 ,90.50 ,0.00 ,0.00 ,323.25 ,328.30 ,0.59 ,0.01 ,0.00 ,321.06 ,0.00 ,7808.50 ,0.00 ,-999.00 ,-999.00 ,103.01 ,0.20 ,0.20 ,3.62 ,5.50 ,99 ,2.61 ,4.41 ,101 ,0.32 ,5.80 ,5.79 ,5.80 ,6.32 ,6.30 ,6.34 ,6.71 ,6.70 ,6.72 ,-999.00 ,-999.00 ,-999.00 ,10.78 ,12.07 ,3.37 ,3.36 ,3.39 ,-999.00 ,-999.00 ,-999.00 ,-999.00 ,-999.00 ,-999.00 ,7.29 ,7.27 ,7.32 ,-3.63 ,-3.95 ,-4.16 ,-9.69 ,0.69 ,0.69 ,0.69 ,0.74 ,0.70 ,0.70 ,0.69 ,0.74 ,0.56 ,,100.00 ,0.00 ,0.00 ,0.00 ,69.12 ,136.10 ,136.10 
"2024-12-13",01:30,2.99 ,2.98 ,3.01 ,2.98 ,2.96 ,3.02 ,3.03 ,3.02 ,3.04 ,3.04 ,3.00 ,3.05 ,2.12 ,2.11 ,2.13 ,2.91 ,90.76 ,0.00 ,0.00 ,323.80 ,328.55 ,0.90 ,0.00 ,0.00 ,321.28 ,0.00 ,7490.20 ,0.00 ,-999.00 ,-999.00 ,103.00 ,0.20 ,0.20 ,3.76 ,5.40 ,105 ,2.82 ,5.12 ,106 ,0.32 ,5.79 ,5.78 ,5.80 ,6.31 ,6.30 ,6.32 ,6.71 ,6.70 ,6.72 ,-999.00 ,-999.00 ,-999.00 ,10.77 ,12.07 ,3.37 ,3.36 ,3.38 ,-999.00 ,-999.00 ,-999.00 ,-999.00 ,-999.00 ,-999.00 ,7.29 ,7.27 ,7.31 ,-3.65 ,-3.97 ,-4.18 ,-9.68 ,0.69 ,0.69 ,0.69 ,0.74 ,0.70 ,0.70 ,0.69 ,0.74 ,0.56 ,,100.00 ,0.00 ,0.00 ,0.00 ,69.12 ,136.10 ,136.10 
"2024-12-13",01:40,2.99 ,2.97 ,3.01 ,2.98 ,2.96 ,3.00 ,3.02 ,3.02 ,3.03 ,3.02 ,3.00 ,3.04 ,2.15 ,2.12 ,2.17 ,2.90 ,91.38 ,0.00 ,0.00 ,324.10 ,328.83 ,0.93 ,0.00 ,0.00 ,321.59 ,0.00 ,7636.50 ,0.00 ,-999.00 ,-999.00 ,103.00 ,0.20 ,0.20 ,4.13 ,5.83 ,102 ,3.27 ,5.21 ,100 ,0.32 ,5.79 ,5.78 ,5.80 ,6.31 ,6.30 ,6.33 ,6.71 ,6.70 ,6.72 ,-999.00 ,-999.00 ,-999.00 ,10.78 ,12.07 ,3.35 ,3.33 ,3.37 ,-999.00 ,-999.00 ,-999.00 ,-999.00 ,-999.00 ,-999.00 ,7.28 ,7.27 ,7.32 ,-3.68 ,-3.99 ,-4.20 ,-9.61 ,0.69 ,0.69 ,0.69 ,0.74 ,0.70 ,0.70 ,0.69 ,0.74 ,0.56 ,,100.00 ,0.00 ,0.00 ,0.00 ,69.12 ,136.10 ,136.10 
"2024-12-13",01:50,3.00 ,2.96 ,3.03 ,2.98 ,2.94 ,3.00 ,3.01 ,2.95 ,3.04 ,3.00 ,2.92 ,3.04 ,2.16 ,2.14 ,2.17 ,2.88 ,92.40 ,0.00 ,0.00 ,324.17 ,328.60 ,1.14 ,0.00 ,0.00 ,322.10 ,0.00 ,7487.10 ,0.00 ,-999.00 ,-999.00 ,103.01 ,0.20 ,0.20 ,3.84 ,5.66 ,110 ,3.07 ,5.08 ,111 ,0.32 ,5.78 ,5.77 ,5.79 ,6.31 ,6.30 ,6.32 ,6.71 ,6.70 ,6.71 ,-999.00 ,-999.00 ,-999.00 ,10.78 ,12.06 ,3.34 ,3.33 ,3.35 ,-999.00 ,-999.00 ,-999.00 ,-999.00 ,-999.00 ,-999.00 ,7.28 ,7.26 ,7.29 ,-3.70 ,-4.02 ,-4.22 ,-9.55 ,0.69 ,0.69 ,0.69 ,0.74 ,0.70 ,0.70 ,0.69 ,0.74 ,0.56 ,,100.00 ,0.00 ,0.00 ,0.00 ,69.12 ,136.10 ,136.10 
"2024-12-13",02:00,2.92 ,2.90 ,2.96 ,2.91 ,2.87 ,2.93 ,2.93 ,2.90 ,2.96 ,2.91 ,2.90 ,2.93 ,2.13 ,2.12 ,2.15 ,2.80 ,93.04 ,0.00 ,0.00 ,324.14 ,328.53 ,1.29 ,0.00 ,0.00 ,322.05 ,0.00 ,7355.80 ,0.00 ,-999.00 ,-999.00 ,103.00 ,0.20 ,0.20 ,3.76 ,5.56 ,123 ,2.97 ,4.54 ,124 ,0.32 ,5.76 ,5.75 ,5.77 ,6.31 ,6.30 ,6.31 ,6.71 ,6.70 ,6.71 ,-999.00 ,-999.00 ,-999.00 ,10.78 ,12.06 ,3.34 ,3.32 ,3.35 ,-999.00 ,-999.00 ,-999.00 ,-999.00 ,-999.00 ,-999.00 ,7.28 ,7.26 ,7.31 ,-3.73 ,-4.04 ,-4.24 ,-9.46 ,0.69 ,0.69 ,0.69 ,0.74 ,0.70 ,0.70 ,0.69 ,0.74 ,0.56 ,,100.00 ,0.00 ,0.00 ,0.00 ,69.12 ,136.10 ,136.10 
"2024-12-13",02:10,2.90 ,2.89 ,2.92 ,2.86 ,2.83 ,2.90 ,2.89 ,2.86 ,2.92 ,2.87 ,2.83 ,2.91 ,2.10 ,2.09 ,2.12 ,2.78 ,93.93 ,0.00 ,0.00 ,324.50 ,328.70 ,1.40 ,0.00 ,0.00 ,322.25 ,0.00 ,7335.90 ,0.00 ,-999.00 ,-999.00 ,103.00 ,0.20 ,0.20 ,3.19 ,4.83 ,123 ,2.62 ,4.72 ,124 ,0.32 ,5.76 ,5.75 ,5.77 ,6.30 ,6.29 ,6.31 ,6.70 ,6.70 ,6.71 ,-999.00 ,-999.00 ,-999.00 ,10.78 ,12.06 ,3.33 ,3.32 ,3.34 ,-999.00 ,-999.00 ,-999.00 ,-999.00 ,-999.00 ,-999.00 ,7.27 ,7.26 ,7.29 ,-3.75 ,-4.06 ,-4.26 ,-9.41 ,0.69 ,0.69 ,0.69 ,0.74 ,0.70 ,0.70 ,0.69 ,0.74 ,0.56 ,,100.00 ,0.00 ,0.00 ,0.00 ,69.12 ,136.10 ,136.10 
"2024-12-13",02:20,2.82 ,2.76 ,2.87 ,2.78 ,2.72 ,2.82 ,2.74 ,2.67 ,2.81 ,2.73 ,2.69 ,2.79 ,2.06 ,1.97 ,2.12 ,2.64 ,93.50 ,0.00 ,0.00 ,323.71 ,328.22 ,1.31 ,0.00 ,0.00 ,321.29 ,0.00 ,7412.00 ,0.00 ,-999.00 ,-999.00 ,103.00 ,0.20 ,0.20 ,3.96 ,5.26 ,91 ,3.25 ,4.77 ,91 ,0.32 ,5.75 ,5.74 ,5.76 ,6.30 ,6.29 ,6.30 ,6.70 ,6.69 ,6.71 ,-999.00 ,-999.00 ,-999.00 ,10.77 ,12.06 ,3.32 ,3.30 ,3.33 ,-999.00 ,-999.00 ,-999.00 ,-999.00 ,-999.00 ,-999.00 ,7.26 ,7.25 ,7.27 ,-3.78 ,-4.09 ,-4.28 ,-9.28 ,0.69 ,0.69 ,0.69 ,0.74 ,0.70 ,0.70 ,0.69 ,0.74 ,0.56 ,,100.00 ,0.00 ,0.00 ,0.00 ,69.12 ,136.10 ,136.10 
"2024-12-13",02:30,2.75 ,2.71 ,2.79 ,2.71 ,2.68 ,2.74 ,2.67 ,2.66 ,2.70 ,2.69 ,2.69 ,2.69 ,1.96 ,1.95 ,1.99 ,2.60 ,94.60 ,0.00 ,0.00 ,323.64 ,327.78 ,1.54 ,0.00 ,0.00 ,321.01 ,0.00 ,7418.10 ,0.00 ,-999.00 ,-999.00 ,103.00 ,0.20 ,0.20 ,3.67 ,5.12 ,92 ,2.89 ,4.14 ,91 ,0.32 ,5.74 ,5.73 ,5.74 ,6.29 ,6.28 ,6.30 ,6.70 ,6.69 ,6.71 ,-999.00 ,-999.00 ,-999.00 ,10.76 ,12.05 ,3.30 ,3.29 ,3.31 ,-999.00 ,-999.00 ,-999.00 ,-999.00 ,-999.00 ,-999.00 ,7.26 ,7.25 ,7.28 ,-3.81 ,-4.11 ,-4.30 ,-9.33 ,0.69 ,0.69 ,0.69 ,0.74 ,0.70 ,0.70 ,0.69 ,0.74 ,0.56 ,,100.00 ,0.00 ,0.00 ,0.00 ,69.12 ,136.10 ,136.10 
"2024-12-13",02:40,2.70 ,2.67 ,2.73 ,2.66 ,2.65 ,2.68 ,2.65 ,2.62 ,2.66 ,2.63 ,2.61 ,2.68 ,1.93 ,1.92 ,1.96 ,2.50 ,94.72 ,0.00 ,0.00 ,323.77 ,327.74 ,1.63 ,0.00 ,0.00 ,321.51 ,0.00 ,7537.30 ,0.00 ,-999.00 ,-999.00 ,103.00 ,0.20 ,0.20 ,3.72 ,4.85 ,77 ,2.92 ,4.41 ,75 ,0.32 ,5.73 ,5.72 ,5.73 ,6.29 ,6.28 ,6.30 ,6.70 ,6.69 ,6.71 ,-999.00 ,-999.00 ,-999.00 ,10.76 ,12.05 ,3.27 ,3.26 ,3.29 ,-999.00 ,-999.00 ,-999.00 ,-999.00 ,-999.00 ,-999.00 ,7.27 ,7.25 ,7.28 ,-3.83 ,-4.14 ,-4.33 ,-9.41 ,0.69 ,0.69 ,0.69 ,0.74 ,0.70 ,0.70 ,0.69 ,0.74 ,0.56 ,,100.00 ,0.00 ,0.00 ,0.00 ,69.12 ,136.10 ,136.10 
"2024-12-13",02:50,2.68 ,2.67 ,2.70 ,2.68 ,2.66 ,2.71 ,2.65 ,2.63 ,2.66 ,2.63 ,2.62 ,2.65 ,1.94 ,1.92 ,1.95 ,2.50 ,95.46 ,0.00 ,0.00 ,323.90 ,327.84 ,1.53 ,0.00 ,0.00 ,321.34 ,0.00 ,7370.50 ,0.00 ,-999.00 ,-999.00 ,102.99 ,0.20 ,0.20 ,3.37 ,5.18 ,87 ,2.57 ,3.93 ,87 ,0.32 ,5.72 ,5.71 ,5.73 ,6.28 ,6.28 ,6.30 ,6.70 ,6.69 ,6.71 ,-999.00 ,-999.00 ,-999.00 ,10.76 ,12.04 ,3.26 ,3.25 ,3.26 ,-999.00 ,-999.00 ,-999.00 ,-999.00 ,-999.00 ,-999.00 ,7.25 ,7.23 ,7.27 ,-3.86 ,-4.16 ,-4.35 ,-9.45 ,0.69 ,0.69 ,0.69 ,0.74 ,0.70 ,0.70 ,0.69 ,0.74 ,0.56 ,,100.00 ,0.00 ,0.00 ,0.00 ,69.12 ,136.10 ,136.10 
"2024-12-13",03:00,2.67 ,2.66 ,2.69 ,2.66 ,2.63 ,2.69 ,2.62 ,2.58 ,2.66 ,2.61 ,2.58 ,2.63 ,1.93 ,1.92 ,1.94 ,2.50 ,95.33 ,0.00 ,0.00 ,323.98 ,327.93 ,1.56 ,0.00 ,0.00 ,321.33 ,0.00 ,7027.50 ,0.00 ,-999.00 ,-999.00 ,102.98 ,0.20 ,0.20 ,3.43 ,5.21 ,83 ,2.75 ,4.12 ,86 ,0.32 ,5.72 ,5.71 ,5.73 ,6.29 ,6.27 ,6.31 ,6.70 ,6.69 ,6.72 ,-999.00 ,-999.00 ,-999.00 ,10.76 ,12.04 ,3.25 ,3.24 ,3.25 ,-999.00 ,-999.00 ,-999.00 ,-999.00 ,-999.00 ,-999.00 ,7.26 ,7.22 ,7.28 ,-3.89 ,-4.18 ,-4.37 ,-9.36 ,0.69 ,0.69 ,0.69 ,0.74 ,0.70 ,0.70 ,0.69 ,0.74 ,0.56 ,,100.00 ,0.00 ,0.00 ,0.00 ,69.12 ,136.10 ,136.10 
"2024-12-13",03:10,2.64 ,2.62 ,2.65 ,2.62 ,2.62 ,2.64 ,2.59 ,2.58 ,2.60 ,2.59 ,2.58 ,2.60 ,1.92 ,1.91 ,1.92 ,2.50 ,96.15 ,0.00 ,0.00 ,324.09 ,327.77 ,1.78 ,0.00 ,0.00 ,321.16 ,0.00 ,7035.70 ,0.00 ,-999.00 ,-999.00 ,102.98 ,0.20 ,0.20 ,3.05 ,4.94 ,99 ,2.50 ,3.81 ,102 ,0.32 ,5.72 ,5.70 ,5.73 ,6.30 ,6.29 ,6.32 ,6.71 ,6.71 ,6.72 ,-999.00 ,-999.00 ,-999.00 ,10.75 ,12.04 ,3.24 ,3.23 ,3.25 ,-999.00 ,-999.00 ,-999.00 ,-999.00 ,-999.00 ,-999.00 ,7.27 ,7.25 ,7.28 ,-3.91 ,-4.21 ,-4.39 ,-9.30 ,0.69 ,0.69 ,0.69 ,0.74 ,0.70 ,0.70 ,0.69 ,0.74 ,0.56 ,,100.00 ,0.00 ,0.00 ,0.00 ,69.12 ,136.10 ,136.10 
"2024-12-13",03:20,2.63 ,2.61 ,2.64 ,2.62 ,2.59 ,2.64 ,2.58 ,2.56 ,2.60 ,2.57 ,2.54 ,2.60 ,1.91 ,1.90 ,1.92 ,2.50 ,95.63 ,0.00 ,0.00 ,324.19 ,328.20 ,1.43 ,0.00 ,0.00 ,321.56 ,0.00 ,7390.60 ,0.00 ,-999.00 ,-999.00 ,102.97 ,0.20 ,0.20 ,2.96 ,4.58 ,117 ,2.49 ,4.12 ,114 ,0.32 ,5.71 ,5.70 ,5.72 ,6.31 ,6.29 ,6.32 ,6.72 ,6.70 ,6.73 ,-999.00 ,-999.00 ,-999.00 ,10.75 ,12.04 ,3.23 ,3.22 ,3.24 ,-999.00 ,-999.00 ,-999.00 ,-999.00 ,-999.00 ,-999.00 ,7.26 ,7.25 ,7.28 ,-3.94 ,-4.23 ,-4.41 ,-9.24 ,0.69 ,0.69 ,0.69 ,0.74 ,0.70 ,0.70 ,0.69 ,0.74 ,0.56 ,,100.00 ,0.00 ,0.00 ,0.00 ,69.12 ,136.10 ,136.10 
"2024-12-13",03:30,2.61 ,2.59 ,2.63 ,2.61 ,2.58 ,2.63 ,2.58 ,2.57 ,2.58 ,2.59 ,2.55 ,2.59 ,1.92 ,1.90 ,1.93 ,2.50 ,95.41 ,0.00 ,0.00 ,324.18 ,328.05 ,1.68 ,0.00 ,0.00 ,321.23 ,0.00 ,7428.80 ,0.00 ,-999.00 ,-999.00 ,102.97 ,0.20 ,0.20 ,3.01 ,4.75 ,103 ,2.56 ,4.66 ,104 ,0.32 ,5.71 ,5.70 ,5.72 ,6.31 ,6.30 ,6.32 ,6.72 ,6.71 ,6.73 ,-999.00 ,-999.00 ,-999.00 ,10.74 ,12.04 ,3.23 ,3.21 ,3.23 ,-999.00 ,-999.00 ,-999.00 ,-999.00 ,-999.00 ,-999.00 ,7.27 ,7.26 ,7.28 ,-3.96 ,-4.26 ,-4.43 ,-9.15 ,0.69 ,0.69 ,0.69 ,0.74 ,0.70 ,0.70 ,0.69 ,0.74 ,0.56 ,,100.00 ,0.00 ,0.00 ,0.00 ,69.12 ,136.10 ,136.10 
"2024-12-13",03:40,2.59 ,2.57 ,2.61 ,2.58 ,2.56 ,2.61 ,2.53 ,2.50 ,2.58 ,2.54 ,2.53 ,2.57 ,1.88 ,1.84 ,1.93 ,2.47 ,95.75 ,0.00 ,0.00 ,323.96 ,327.96 ,1.48 ,0.00 ,0.00 ,320.90 ,0.00 ,7227.20 ,0.00 ,-999.00 ,-999.00 ,102.97 ,0.20 ,0.20 ,3.23 ,4.55 ,101 ,2.63 ,3.95 ,104 ,0.32 ,5.70 ,5.69 ,5.71 ,6.31 ,6.30 ,6.32 ,6.72 ,6.71 ,6.73 ,-999.00 ,-999.00 ,-999.00 ,10.74 ,12.05 ,3.21 ,3.20 ,3.22 ,-999.00 ,-999.00 ,-999.00 ,-999.00 ,-999.00 ,-999.00 ,7.27 ,7.24 ,7.29 ,-3.99 ,-4.28 ,-4.45 ,-9.11 ,0.69 ,0.69 ,0.69 ,0.74 ,0.70 ,0.70 ,0.69 ,0.74 ,0.56 ,,100.00 ,0.00 ,0.00 ,0.00 ,69.12 ,136.10 ,136.10 
"2024-12-13",03:50,2.48 ,2.37 ,2.56 ,2.48 ,2.39 ,2.57 ,2.38 ,2.26 ,2.51 ,2.39 ,2.26 ,2.53 ,1.75 ,1.64 ,1.82 ,2.35 ,94.87 ,0.00 ,0.00 ,322.86 ,327.14 ,1.33 ,0.00 ,0.00 ,319.47 ,0.00 ,7332.70 ,0.00 ,-999.00 ,-999.00 ,102.96 ,0.20 ,0.20 ,4.07 ,6.09 ,110 ,3.36 ,5.87 ,109 ,0.32 ,5.70 ,5.69 ,5.71 ,6.31 ,6.30 ,6.32 ,6.73 ,6.71 ,6.74 ,-999.00 ,-999.00 ,-999.00 ,10.74 ,12.06 ,3.19 ,3.17 ,3.21 ,-999.00 ,-999.00 ,-999.00 ,-999.00 ,-999.00 ,-999.00 ,7.25 ,7.24 ,7.27 ,-4.01 ,-4.31 ,-4.46 ,-9.20 ,0.69 ,0.69 ,0.69 ,0.74 ,0.70 ,0.70 ,0.69 ,0.74 ,0.56 ,,100.00 ,0.00 ,0.00 ,0.00 ,69.12 ,136.10 ,136.10 
"2024-12-13",04:00,2.36 ,2.32 ,2.37 ,2.35 ,2.34 ,2.38 ,2.31 ,2.29 ,2.33 ,2.31 ,2.29 ,2.32 ,1.62 ,1.60 ,1.64 ,2.29 ,94.54 ,0.00 ,0.00 ,322.39 ,326.53 ,1.35 ,0.00 ,0.00 ,319.47 ,0.00 ,7589.00 ,0.00 ,-999.00 ,-999.00 ,102.95 ,0.20 ,0.20 ,4.27 ,6.10 ,123 ,3.57 ,5.13 ,124 ,0.32 ,5.71 ,5.69 ,5.73 ,6.31 ,6.30 ,6.32 ,6.73 ,6.72 ,6.74 ,-999.00 ,-999.00 ,-999.00 ,10.74 ,12.07 ,3.14 ,3.12 ,3.17 ,-999.00 ,-999.00 ,-999.00 ,-999.00 ,-999.00 ,-999.00 ,7.27 ,7.24 ,7.30 ,-4.03 ,-4.33 ,-4.48 ,-9.68 ,0.69 ,0.69 ,0.69 ,0.74 ,0.70 ,0.70 ,0.69 ,0.74 ,0.56 ,,100.00 ,0.00 ,0.00 ,0.00 ,69.12 ,136.10 ,136.10 
"2024-12-13",04:10,2.33 ,2.31 ,2.35 ,2.34 ,2.32 ,2.36 ,2.34 ,2.31 ,2.36 ,2.33 ,2.31 ,2.36 ,1.62 ,1.60 ,1.64 ,2.29 ,94.96 ,0.00 ,0.00 ,322.64 ,326.80 ,1.31 ,0.00 ,0.00 ,320.24 ,0.00 ,7599.30 ,0.00 ,-999.00 ,-999.00 ,102.94 ,0.20 ,0.20 ,3.85 ,6.40 ,123 ,2.77 ,4.51 ,121 ,0.32 ,5.72 ,5.71 ,5.73 ,6.31 ,6.29 ,6.32 ,6.73 ,6.72 ,6.75 ,-999.00 ,-999.00 ,-999.00 ,10.76 ,12.06 ,3.10 ,3.09 ,3.11 ,-999.00 ,-999.00 ,-999.00 ,-999.00 ,-999.00 ,-999.00 ,7.29 ,7.26 ,7.30 ,-4.05 ,-4.36 ,-4.50 ,-10.17 ,0.69 ,0.69 ,0.69 ,0.74 ,0.70 ,0.70 ,0.69 ,0.74 ,0.56 ,,100.00 ,0.00 ,0.00 ,0.00 ,69.12 ,136.10 ,136.10 
"2024-12-13",04:20,2.36 ,2.34 ,2.39 ,2.37 ,2.35 ,2.39 ,2.37 ,2.35 ,2.40 ,2.38 ,2.38 ,2.39 ,1.69 ,1.64 ,1.72 ,2.30 ,95.73 ,0.00 ,0.00 ,322.70 ,326.90 ,1.45 ,0.00 ,0.00 ,320.42 ,0.00 ,7564.00 ,0.00 ,-999.00 ,-999.00 ,102.93 ,0.20 ,0.20 ,3.72 ,5.32 ,113 ,2.87 ,4.80 ,116 ,0.32 ,5.72 ,5.71 ,5.74 ,6.31 ,6.30 ,6.32 ,6.73 ,6.72 ,6.74 ,-999.00 ,-999.00 ,-999.00 ,10.76 ,12.06 ,3.09 ,3.08 ,3.10 ,-999.00 ,-999.00 ,-999.00 ,-999.00 ,-999.00 ,-999.00 ,7.29 ,7.28 ,7.30 ,-4.07 ,-4.38 ,-4.52 ,-10.22 ,0.69 ,0.69 ,0.69 ,0.74 ,0.70 ,0.70 ,0.69 ,0.74 ,0.56 ,,100.00 ,0.00 ,0.00 ,0.00 ,69.12 ,136.10 ,136.10 
"2024-12-13",04:30,2.39 ,2.37 ,2.40 ,2.40 ,2.37 ,2.43 ,2.40 ,2.36 ,2.42 ,2.39 ,2.38 ,2.40 ,1.72 ,1.70 ,1.74 ,2.30 ,96.07 ,0.00 ,0.00 ,323.23 ,327.21 ,1.43 ,0.00 ,0.00 ,320.65 ,0.00 ,7026.90 ,0.00 ,-999.00 ,-999.00 ,102.93 ,0.20 ,0.20 ,2.95 ,5.19 ,98 ,2.32 ,4.07 ,100 ,0.32 ,5.73 ,5.72 ,5.74 ,6.30 ,6.29 ,6.31 ,6.72 ,6.72 ,6.73 ,-999.00 ,-999.00 ,-999.00 ,10.76 ,12.05 ,3.08 ,3.07 ,3.09 ,-999.00 ,-999.00 ,-999.00 ,-999.00 ,-999.00 ,-999.00 ,7.30 ,7.29 ,7.31 ,-4.09 ,-4.40 ,-4.54 ,-10.10 ,0.69 ,0.69 ,0.69 ,0.74 ,0.70 ,0.70 ,0.69 ,0.74 ,0.56 ,,100.00 ,0.00 ,0.00 ,0.00 ,69.12 ,136.10 ,136.10 
"2024-12-13",04:40,2.38 ,2.36 ,2.41 ,2.39 ,2.37 ,2.42 ,2.37 ,2.35 ,2.39 ,2.36 ,2.33 ,2.39 ,1.72 ,1.68 ,1.76 ,2.29 ,96.31 ,0.00 ,0.00 ,323.10 ,327.19 ,1.23 ,0.00 ,0.00 ,320.36 ,0.00 ,7442.90 ,0.00 ,-999.00 ,-999.00 ,102.92 ,0.20 ,0.20 ,3.37 ,5.80 ,110 ,2.73 ,4.93 ,111 ,0.32 ,5.72 ,5.70 ,5.72 ,6.31 ,6.30 ,6.31 ,6.72 ,6.71 ,6.73 ,-999.00 ,-999.00 ,-999.00 ,10.76 ,12.05 ,3.08 ,3.07 ,3.09 ,-999.00 ,-999.00 ,-999.00 ,-999.00 ,-999.00 ,-999.00 ,7.29 ,7.26 ,7.31 ,-4.11 ,-4.42 ,-4.56 ,-9.85 ,0.69 ,0.69 ,0.69 ,0.74 ,0.70 ,0.70 ,0.69 ,0.74 ,0.56 ,,100.00 ,0.00 ,0.00 ,0.00 ,69.12 ,136.10 ,136.10 
"2024-12-13",04:50,2.35 ,2.32 ,2.37 ,2.35 ,2.32 ,2.41 ,2.33 ,2.29 ,2.37 ,2.32 ,2.29 ,2.38 ,1.65 ,1.63 ,1.67 ,2.28 ,95.07 ,0.00 ,0.00 ,322.61 ,327.04 ,1.11 ,0.00 ,0.00 ,320.04 ,0.00 ,7405.50 ,0.00 ,-999.00 ,-999.00 ,102.92 ,0.20 ,0.20 ,4.07 ,5.88 ,118 ,3.20 ,5.75 ,117 ,0.32 ,5.71 ,5.70 ,5.73 ,6.30 ,6.29 ,6.31 ,6.71 ,6.71 ,6.72 ,-999.00 ,-999.00 ,-999.00 ,10.76 ,12.06 ,3.06 ,3.06 ,3.07 ,-999.00 ,-999.00 ,-999.00 ,-999.00 ,-999.00 ,-999.00 ,7.29 ,7.26 ,7.30 ,-4.13 ,-4.44 ,-4.58 ,-9.76 ,0.69 ,0.69 ,0.69 ,0.74 ,0.70 ,0.70 ,0.69 ,0.74 ,0.56 ,,100.00 ,0.00 ,0.00 ,0.00 ,69.12 ,136.10 ,136.10 
"2024-12-13",05:00,2.33 ,2.31 ,2.36 ,2.35 ,2.33 ,2.37 ,2.36 ,2.31 ,2.38 ,2.36 ,2.32 ,2.40 ,1.64 ,1.63 ,1.66 ,2.30 ,94.88 ,0.00 ,0.00 ,322.50 ,326.73 ,1.25 ,0.00 ,0.00 ,320.16 ,0.00 ,7521.30 ,0.00 ,-999.00 ,-999.00 ,102.91 ,0.20 ,0.20 ,3.90 ,5.91 ,117 ,3.06 ,4.37 ,119 ,0.32 ,5.70 ,5.68 ,5.71 ,6.30 ,6.29 ,6.31 ,6.72 ,6.71 ,6.74 ,-999.00 ,-999.00 ,-999.00 ,10.76 ,12.06 ,3.04 ,3.02 ,3.05 ,-999.00 ,-999.00 ,-999.00 ,-999.00 ,-999.00 ,-999.00 ,7.28 ,7.27 ,7.29 ,-4.15 ,-4.47 ,-4.60 ,-9.92 ,0.69 ,0.69 ,0.69 ,0.74 ,0.70 ,0.70 ,0.69 ,0.74 ,0.56 ,,100.00 ,0.00 ,0.00 ,0.00 ,69.12 ,136.10 ,136.10 
"2024-12-13",05:10,2.35 ,2.32 ,2.39 ,2.35 ,2.32 ,2.37 ,2.37 ,2.36 ,2.37 ,2.38 ,2.34 ,2.40 ,1.64 ,1.62 ,1.66 ,2.30 ,94.56 ,0.00 ,0.00 ,322.20 ,326.55 ,1.03 ,0.00 ,0.00 ,319.80 ,0.00 ,7614.10 ,0.00 ,-999.00 ,-999.00 ,102.91 ,0.20 ,0.20 ,4.57 ,6.15 ,116 ,3.49 ,5.17 ,118 ,0.32 ,5.69 ,5.67 ,5.71 ,6.29 ,6.28 ,6.31 ,6.71 ,6.70 ,6.72 ,-999.00 ,-999.00 ,-999.00 ,10.75 ,12.07 ,3.02 ,3.00 ,3.03 ,-999.00 ,-999.00 ,-999.00 ,-999.00 ,-999.00 ,-999.00 ,7.28 ,7.24 ,7.30 ,-4.17 ,-4.49 ,-4.62 ,-10.06 ,0.69 ,0.69 ,0.69 ,0.74 ,0.70 ,0.70 ,0.69 ,0.74 ,0.56 ,,100.00 ,0.00 ,0.00 ,0.00 ,69.12 ,136.10 ,136.10 
"2024-12-13",05:20,2.30 ,2.29 ,2.33 ,2.32 ,2.29 ,2.35 ,2.33 ,2.31 ,2.35 ,2.33 ,2.32 ,2.34 ,1.61 ,1.59 ,1.62 ,2.30 ,94.47 ,0.00 ,0.00 ,322.14 ,326.22 ,1.29 ,0.00 ,0.00 ,319.20 ,0.00 ,7313.70 ,0.00 ,-999.00 ,-999.00 ,102.92 ,0.20 ,0.20 ,4.62 ,5.99 ,96 ,3.61 ,5.18 ,94 ,0.32 ,5.68 ,5.67 ,5.70 ,6.29 ,6.28 ,6.31 ,6.71 ,6.70 ,6.72 ,-999.00 ,-999.00 ,-999.00 ,10.75 ,12.07 ,2.99 ,2.97 ,3.02 ,-999.00 ,-999.00 ,-999.00 ,-999.00 ,-999.00 ,-999.00 ,7.28 ,7.26 ,7.29 ,-4.19 ,-4.51 ,-4.64 ,-10.24 ,0.69 ,0.69 ,0.69 ,0.74 ,0.70 ,0.70 ,0.69 ,0.74 ,0.56 ,,100.00 ,0.00 ,0.00 ,0.00 ,69.12 ,136.10 ,136.10 
"2024-12-13",05:30,2.28 ,2.26 ,2.31 ,2.29 ,2.27 ,2.31 ,2.32 ,2.29 ,2.37 ,2.33 ,2.27 ,2.37 ,1.57 ,1.53 ,1.60 ,2.29 ,94.31 ,0.00 ,0.00 ,321.43 ,326.38 ,0.30 ,0.00 ,0.00 ,318.81 ,0.00 ,7519.20 ,0.00 ,-999.00 ,-999.00 ,102.91 ,0.20 ,0.20 ,4.33 ,5.96 ,111 ,3.31 ,5.20 ,110 ,0.32 ,5.67 ,5.66 ,5.68 ,6.29 ,6.28 ,6.30 ,6.70 ,6.69 ,6.71 ,-999.00 ,-999.00 ,-999.00 ,10.76 ,12.07 ,2.98 ,2.96 ,2.99 ,-999.00 ,-999.00 ,-999.00 ,-999.00 ,-999.00 ,-999.00 ,7.27 ,7.26 ,7.28 ,-4.21 ,-4.53 ,-4.65 ,-10.35 ,0.69 ,0.69 ,0.69 ,0.74 ,0.70 ,0.70 ,0.69 ,0.74 ,0.56 ,,100.00 ,0.00 ,0.00 ,0.00 ,69.12 ,136.10 ,136.10 
"2024-12-13",05:40,2.27 ,2.25 ,2.28 ,2.29 ,2.27 ,2.30 ,2.35 ,2.31 ,2.38 ,2.35 ,2.33 ,2.39 ,1.56 ,1.54 ,1.57 ,2.30 ,93.79 ,0.00 ,0.00 ,321.41 ,326.46 ,0.23 ,0.00 ,0.00 ,318.88 ,0.00 ,7874.90 ,0.00 ,-999.00 ,-999.00 ,102.90 ,0.20 ,0.20 ,3.76 ,5.62 ,111 ,3.33 ,4.92 ,111 ,0.32 ,5.66 ,5.65 ,5.68 ,6.29 ,6.28 ,6.30 ,6.70 ,6.69 ,6.71 ,-999.00 ,-999.00 ,-999.00 ,10.76 ,12.07 ,2.96 ,2.95 ,2.98 ,-999.00 ,-999.00 ,-999.00 ,-999.00 ,-999.00 ,-999.00 ,7.27 ,7.25 ,7.29 ,-4.23 ,-4.55 ,-4.67 ,-10.44 ,0.69 ,0.69 ,0.69 ,0.74 ,0.70 ,0.70 ,0.69 ,0.74 ,0.56 ,,100.00 ,0.00 ,0.00 ,0.00 ,69.12 ,136.10 ,136.10 
"2024-12-13",05:50,2.20 ,2.14 ,2.28 ,2.21 ,2.14 ,2.28 ,2.22 ,2.13 ,2.31 ,2.22 ,2.15 ,2.33 ,1.47 ,1.40 ,1.55 ,2.21 ,92.90 ,0.00 ,0.00 ,320.63 ,325.91 ,0.07 ,0.00 ,0.00 ,318.29 ,0.00 ,7709.10 ,0.00 ,-999.00 ,-999.00 ,102.89 ,0.20 ,0.20 ,4.78 ,6.26 ,121 ,3.74 ,5.96 ,119 ,0.32 ,5.66 ,5.65 ,5.67 ,6.28 ,6.27 ,6.29 ,6.70 ,6.69 ,6.71 ,-999.00 ,-999.00 ,-999.00 ,10.74 ,12.08 ,2.94 ,2.92 ,2.95 ,-999.00 ,-999.00 ,-999.00 ,-999.00 ,-999.00 ,-999.00 ,7.27 ,7.24 ,7.29 ,-4.25 ,-4.57 ,-4.69 ,-10.51 ,0.69 ,0.69 ,0.69 ,0.74 ,0.70 ,0.70 ,0.69 ,0.74 ,0.56 ,,100.00 ,0.00 ,0.00 ,0.00 ,69.12 ,136.10 ,136.10 
"2024-12-13",06:00,2.06 ,2.00 ,2.11 ,2.08 ,2.04 ,2.12 ,2.12 ,2.07 ,2.16 ,2.14 ,2.10 ,2.17 ,1.32 ,1.25 ,1.38 ,2.10 ,91.21 ,0.00 ,0.00 ,319.41 ,325.13 ,-0.32 ,0.00 ,0.00 ,317.15 ,0.00 ,7728.40 ,0.00 ,-999.00 ,-999.00 ,102.89 ,0.20 ,0.20 ,4.81 ,7.30 ,111 ,3.70 ,6.73 ,112 ,0.32 ,5.65 ,5.64 ,5.66 ,6.27 ,6.26 ,6.28 ,6.70 ,6.68 ,6.70 ,-999.00 ,-999.00 ,-999.00 ,10.75 ,12.07 ,2.91 ,2.89 ,2.93 ,-999.00 ,-999.00 ,-999.00 ,-999.00 ,-999.00 ,-999.00 ,7.27 ,7.25 ,7.29 ,-4.27 ,-4.59 ,-4.71 ,-10.86 ,0.69 ,0.69 ,0.69 ,0.74 ,0.70 ,0.70 ,0.69 ,0.74 ,0.56 ,,100.00 ,0.00 ,0.00 ,0.00 ,69.12 ,136.10 ,136.10 
"2024-12-13",06:10,2.03 ,2.01 ,2.04 ,2.05 ,2.03 ,2.07 ,2.15 ,2.13 ,2.16 ,2.15 ,2.11 ,2.16 ,1.29 ,1.28 ,1.32 ,2.10 ,91.84 ,0.00 ,0.00 ,319.84 ,325.01 ,0.24 ,0.00 ,0.00 ,317.33 ,0.00 ,7623.00 ,0.00 ,-999.00 ,-999.00 ,102.89 ,0.20 ,0.20 ,4.64 ,6.40 ,112 ,3.74 ,5.48 ,113 ,0.32 ,5.64 ,5.63 ,5.65 ,6.27 ,6.26 ,6.27 ,6.69 ,6.69 ,6.70 ,-999.00 ,-999.00 ,-999.00 ,10.76 ,12.06 ,2.88 ,2.85 ,2.90 ,-999.00 ,-999.00 ,-999.00 ,-999.00 ,-999.00 ,-999.00 ,7.26 ,7.24 ,7.29 ,-4.29 ,-4.61 ,-4.73 ,-11.31 ,0.69 ,0.69 ,0.69 ,0.74 ,0.70 ,0.70 ,0.69 ,0.74 ,0.56 ,,100.00 ,0.00 ,0.00 ,0.00 ,69.12 ,136.10 ,136.10 
"2024-12-13",06:20,2.03 ,2.01 ,2.06 ,2.05 ,2.02 ,2.09 ,2.13 ,2.09 ,2.17 ,2.12 ,2.10 ,2.17 ,1.28 ,1.26 ,1.29 ,2.05 ,91.79 ,0.00 ,0.00 ,319.72 ,324.75 ,0.09 ,0.00 ,0.00 ,317.51 ,0.00 ,7811.00 ,0.00 ,-999.00 ,-999.00 ,102.89 ,0.20 ,0.20 ,4.69 ,6.48 ,122 ,3.75 ,5.73 ,125 ,0.32 ,5.63 ,5.62 ,5.64 ,6.27 ,6.26 ,6.28 ,6.69 ,6.68 ,6.69 ,-999.00 ,-999.00 ,-999.00 ,10.76 ,12.06 ,2.84 ,2.82 ,2.86 ,-999.00 ,-999.00 ,-999.00 ,-999.00 ,-999.00 ,-999.00 ,7.26 ,7.24 ,7.28 ,-4.32 ,-4.64 ,-4.75 ,-11.64 ,0.69 ,0.69 ,0.69 ,0.74 ,0.70 ,0.70 ,0.69 ,0.74 ,0.56 ,,100.00 ,0.00 ,0.00 ,0.00 ,69.12 ,136.10 ,136.10 
"2024-12-13",06:30,1.97 ,1.95 ,2.01 ,1.99 ,1.97 ,2.03 ,2.08 ,2.03 ,2.11 ,2.06 ,2.01 ,2.12 ,1.22 ,1.17 ,1.27 ,1.98 ,91.98 ,0.00 ,0.00 ,319.04 ,324.11 ,0.17 ,0.00 ,0.00 ,316.73 ,0.00 ,7863.60 ,0.00 ,-999.00 ,-999.00 ,102.88 ,0.20 ,0.20 ,4.62 ,6.64 ,117 ,3.44 ,5.65 ,118 ,0.32 ,5.62 ,5.61 ,5.64 ,6.26 ,6.25 ,6.28 ,6.68 ,6.68 ,6.69 ,-999.00 ,-999.00 ,-999.00 ,10.76 ,12.06 ,2.80 ,2.79 ,2.82 ,-999.00 ,-999.00 ,-999.00 ,-999.00 ,-999.00 ,-999.00 ,7.25 ,7.24 ,7.27 ,-4.34 ,-4.66 ,-4.77 ,-11.92 ,0.69 ,0.69 ,0.69 ,0.74 ,0.70 ,0.70 ,0.69 ,0.74 ,0.56 ,,100.00 ,0.00 ,0.00 ,0.00 ,69.12 ,136.10 ,136.10 
"2024-12-13",06:40,1.92 ,1.89 ,1.96 ,1.92 ,1.89 ,1.97 ,2.02 ,1.98 ,2.06 ,2.00 ,1.98 ,2.06 ,1.19 ,1.16 ,1.20 ,1.91 ,92.34 ,0.00 ,0.00 ,319.38 ,324.55 ,0.17 ,0.00 ,0.00 ,316.65 ,0.00 ,7884.80 ,0.00 ,-999.00 ,-999.00 ,102.89 ,0.20 ,0.20 ,4.82 ,6.74 ,105 ,3.77 ,6.13 ,103 ,0.32 ,5.61 ,5.61 ,5.62 ,6.26 ,6.24 ,6.27 ,6.69 ,6.67 ,6.70 ,-999.00 ,-999.00 ,-999.00 ,10.76 ,12.06 ,2.78 ,2.76 ,2.80 ,-999.00 ,-999.00 ,-999.00 ,-999.00 ,-999.00 ,-999.00 ,7.25 ,7.21 ,7.28 ,-4.37 ,-4.68 ,-4.80 ,-12.15 ,0.69 ,0.69 ,0.69 ,0.74 ,0.70 ,0.70 ,0.69 ,0.74 ,0.56 ,,100.00 ,0.00 ,0.00 ,0.00 ,69.12 ,136.10 ,136.10 
"2024-12-13",06:50,1.88 ,1.86 ,1.90 ,1.87 ,1.86 ,1.88 ,1.96 ,1.94 ,1.96 ,1.95 ,1.92 ,1.98 ,1.16 ,1.14 ,1.18 ,1.82 ,93.11 ,0.00 ,0.00 ,319.48 ,324.47 ,0.35 ,0.00 ,0.00 ,316.69 ,0.00 ,7710.10 ,0.00 ,-999.00 ,-999.00 ,102.90 ,0.20 ,0.20 ,4.49 ,6.53 ,97 ,3.38 ,5.14 ,97 ,0.32 ,5.60 ,5.58 ,5.61 ,6.26 ,6.25 ,6.28 ,6.69 ,6.68 ,6.69 ,-999.00 ,-999.00 ,-999.00 ,10.76 ,12.05 ,2.76 ,2.74 ,2.78 ,-999.00 ,-999.00 ,-999.00 ,-999.00 ,-999.00 ,-999.00 ,7.24 ,7.23 ,7.25 ,-4.39 ,-4.71 ,-4.82 ,-12.26 ,0.69 ,0.69 ,0.69 ,0.74 ,0.70 ,0.70 ,0.69 ,0.74 ,0.56 ,,100.00 ,0.00 ,0.00 ,0.00 ,69.12 ,136.10 ,136.10 
"2024-12-13",07:00,1.88 ,1.86 ,1.91 ,1.88 ,1.85 ,1.91 ,1.95 ,1.90 ,1.98 ,1.94 ,1.89 ,1.98 ,1.16 ,1.14 ,1.18 ,1.83 ,93.42 ,0.00 ,0.00 ,319.38 ,324.47 ,0.24 ,0.00 ,0.00 ,316.88 ,0.00 ,7697.10 ,0.00 ,-999.00 ,-999.00 ,102.89 ,0.20 ,0.20 ,3.87 ,6.36 ,114 ,3.12 ,5.75 ,116 ,0.32 ,5.60 ,5.59 ,5.60 ,6.26 ,6.25 ,6.26 ,6.69 ,6.69 ,6.69 ,-999.00 ,-999.00 ,-999.00 ,10.75 ,12.04 ,2.73 ,2.72 ,2.75 ,-999.00 ,-999.00 ,-999.00 ,-999.00 ,-999.00 ,-999.00 ,7.24 ,7.23 ,7.25 ,-4.42 ,-4.73 ,-4.85 ,-12.25 ,0.69 ,0.69 ,0.69 ,0.74 ,0.70 ,0.70 ,0.69 ,0.74 ,0.56 ,,100.00 ,0.00 ,0.00 ,0.00 ,69.12 ,136.10 ,136.10 
"2024-12-13",07:10,1.81 ,1.79 ,1.83 ,1.81 ,1.80 ,1.84 ,1.84 ,1.81 ,1.92 ,1.85 ,1.82 ,1.90 ,1.06 ,1.02 ,1.12 ,1.80 ,91.66 ,0.00 ,0.00 ,318.26 ,324.10 ,-0.75 ,0.00 ,0.00 ,315.76 ,0.00 ,7702.70 ,0.00 ,-999.00 ,-999.00 ,102.90 ,0.20 ,0.20 ,4.54 ,6.21 ,129 ,3.72 ,6.38 ,132 ,0.32 ,5.59 ,5.58 ,5.60 ,6.25 ,6.25 ,6.26 ,6.70 ,6.69 ,6.71 ,-999.00 ,-999.00 ,-999.00 ,10.76 ,12.04 ,2.72 ,2.69 ,2.74 ,-999.00 ,-999.00 ,-999.00 ,-999.00 ,-999.00 ,-999.00 ,7.23 ,7.21 ,7.26 ,-4.45 ,-4.76 ,-4.87 ,-12.28 ,0.69 ,0.69 ,0.69 ,0.74 ,0.70 ,0.70 ,0.69 ,0.74 ,0.56 ,,100.00 ,0.00 ,0.00 ,0.00 ,69.12 ,136.10 ,136.10 
"2024-12-13",07:20,1.76 ,1.74 ,1.80 ,1.76 ,1.73 ,1.79 ,1.85 ,1.81 ,1.91 ,1.86 ,1.83 ,1.90 ,1.04 ,1.02 ,1.06 ,1.80 ,90.57 ,0.00 ,0.00 ,318.13 ,323.82 ,-0.31 ,0.09 ,0.00 ,315.71 ,0.00 ,7722.80 ,0.00 ,-999.00 ,-999.00 ,102.90 ,0.20 ,0.20 ,4.57 ,6.58 ,102 ,3.52 ,5.31 ,100 ,0.32 ,5.58 ,5.56 ,5.59 ,6.24 ,6.23 ,6.25 ,6.70 ,6.68 ,6.71 ,-999.00 ,-999.00 ,-999.00 ,10.75 ,12.04 ,2.68 ,2.66 ,2.69 ,-999.00 ,-999.00 ,-999.00 ,-999.00 ,-999.00 ,-999.00 ,7.23 ,7.21 ,7.26 ,-4.48 ,-4.78 ,-4.90 ,-12.63 ,0.69 ,0.69 ,0.69 ,0.74 ,0.70 ,0.70 ,0.69 ,0.74 ,0.56 ,,100.00 ,0.00 ,0.00 ,0.00 ,69.12 ,136.10 ,136.10 
"2024-12-13",07:30,1.73 ,1.70 ,1.76 ,1.74 ,1.70 ,1.77 ,1.85 ,1.81 ,1.89 ,1.85 ,1.84 ,1.89 ,0.99 ,0.96 ,1.00 ,1.79 ,90.25 ,0.05 ,0.00 ,317.35 ,323.47 ,-0.46 ,0.30 ,0.00 ,315.65 ,0.00 ,7831.10 ,0.00 ,-999.00 ,-999.00 ,102.90 ,0.20 ,0.20 ,4.51 ,7.22 ,96 ,3.60 ,5.17 ,95 ,0.32 ,5.58 ,5.57 ,5.59 ,6.24 ,6.23 ,6.26 ,6.70 ,6.69 ,6.72 ,-999.00 ,-999.00 ,-999.00 ,10.75 ,12.03 ,2.66 ,2.64 ,2.67 ,-999.00 ,-999.00 ,-999.00 ,-999.00 ,-999.00 ,-999.00 ,7.24 ,7.23 ,7.26 ,-4.51 ,-4.81 ,-4.93 ,-12.74 ,0.69 ,0.69 ,0.69 ,0.74 ,0.70 ,0.70 ,0.69 ,0.74 ,0.56 ,,100.00 ,0.00 ,0.00 ,0.00 ,69.12 ,136.10 ,136.00 
"2024-12-13",07:40,1.75 ,1.73 ,1.76 ,1.75 ,1.73 ,1.77 ,1.88 ,1.86 ,1.91 ,1.87 ,1.84 ,1.90 ,0.98 ,0.97 ,0.99 ,1.80 ,89.87 ,0.45 ,0.00 ,317.52 ,323.44 ,0.09 ,0.83 ,0.00 ,315.41 ,0.00 ,7773.60 ,0.00 ,-999.00 ,-999.00 ,102.90 ,0.20 ,0.20 ,3.95 ,5.32 ,101 ,3.05 ,4.64 ,102 ,0.32 ,5.57 ,5.55 ,5.59 ,6.24 ,6.21 ,6.25 ,6.70 ,6.69 ,6.72 ,-999.00 ,-999.00 ,-999.00 ,10.74 ,12.03 ,2.63 ,2.61 ,2.64 ,-999.00 ,-999.00 ,-999.00 ,-999.00 ,-999.00 ,-999.00 ,7.26 ,7.24 ,7.28 ,-4.54 ,-4.84 ,-4.96 ,-12.78 ,0.69 ,0.69 ,0.69 ,0.74 ,0.70 ,0.70 ,0.69 ,0.74 ,0.56 ,,100.00 ,0.00 ,0.00 ,0.00 ,69.12 ,136.00 ,136.00 
"2024-12-13",07:50,1.76 ,1.73 ,1.78 ,1.75 ,1.74 ,1.78 ,1.88 ,1.86 ,1.90 ,1.88 ,1.85 ,1.90 ,0.98 ,0.96 ,1.00 ,1.80 ,89.33 ,1.17 ,0.00 ,317.55 ,323.55 ,0.56 ,1.58 ,0.00 ,315.11 ,0.00 ,7851.00 ,0.00 ,-999.00 ,-999.00 ,102.90 ,0.20 ,0.20 ,4.51 ,5.78 ,102 ,3.32 ,5.18 ,103 ,0.32 ,5.58 ,5.57 ,5.59 ,6.24 ,6.23 ,6.26 ,6.70 ,6.69 ,6.71 ,-999.00 ,-999.00 ,-999.00 ,10.74 ,12.03 ,2.60 ,2.59 ,2.62 ,-999.00 ,-999.00 ,-999.00 ,-999.00 ,-999.00 ,-999.00 ,7.25 ,7.24 ,7.28 ,-4.58 ,-4.86 ,-4.99 ,-12.84 ,0.69 ,0.69 ,0.69 ,0.74 ,0.70 ,0.70 ,0.69 ,0.74 ,0.56 ,,100.00 ,0.00 ,0.00 ,0.00 ,69.12 ,136.00 ,136.00 
"2024-12-13",08:00,1.76 ,1.74 ,1.79 ,1.76 ,1.73 ,1.77 ,1.87 ,1.84 ,1.89 ,1.86 ,1.84 ,1.89 ,0.98 ,0.96 ,0.99 ,1.80 ,89.06 ,2.35 ,0.00 ,317.05 ,323.12 ,1.33 ,2.62 ,0.00 ,314.94 ,0.00 ,7977.40 ,0.00 ,-999.00 ,-999.00 ,102.89 ,0.20 ,0.20 ,4.66 ,6.29 ,101 ,3.51 ,5.05 ,101 ,0.32 ,5.57 ,5.55 ,5.59 ,6.25 ,6.23 ,6.27 ,6.71 ,6.69 ,6.72 ,-999.00 ,-999.00 ,-999.00 ,10.74 ,12.03 ,2.57 ,2.56 ,2.58 ,-999.00 ,-999.00 ,-999.00 ,-999.00 ,-999.00 ,-999.00 ,7.26 ,7.24 ,7.28 ,-4.61 ,-4.90 ,-5.03 ,-12.97 ,0.69 ,0.69 ,0.69 ,0.74 ,0.70 ,0.70 ,0.69 ,0.74 ,0.56 ,,100.00 ,0.00 ,0.00 ,0.00 ,69.12 ,136.00 ,136.00 
"2024-12-13",08:10,1.74 ,1.72 ,1.77 ,1.73 ,1.71 ,1.75 ,1.84 ,1.81 ,1.88 ,1.84 ,1.84 ,1.86 ,0.95 ,0.93 ,0.98 ,1.79 ,88.05 ,4.19 ,0.00 ,316.78 ,323.22 ,2.39 ,4.24 ,0.00 ,314.66 ,0.00 ,7904.50 ,0.00 ,-999.00 ,-999.00 ,102.89 ,0.20 ,0.20 ,5.15 ,6.87 ,100 ,3.98 ,6.12 ,99 ,0.32 ,5.57 ,5.56 ,5.59 ,6.25 ,6.23 ,6.26 ,6.71 ,6.69 ,6.72 ,-999.00 ,-999.00 ,-999.00 ,10.74 ,12.03 ,2.54 ,2.53 ,2.55 ,-999.00 ,-999.00 ,-999.00 ,-999.00 ,-999.00 ,-999.00 ,7.26 ,7.23 ,7.28 ,-4.65 ,-4.93 ,-5.06 ,-12.96 ,0.69 ,0.69 ,0.69 ,0.74 ,0.70 ,0.70 ,0.69 ,0.74 ,0.56 ,,100.00 ,0.00 ,0.00 ,0.00 ,69.12 ,136.00 ,136.00 
"2024-12-13",08:20,1.78 ,1.73 ,1.82 ,1.77 ,1.75 ,1.83 ,1.88 ,1.87 ,1.92 ,1.87 ,1.84 ,1.91 ,0.97 ,0.92 ,1.02 ,1.80 ,88.94 ,5.87 ,0.00 ,316.77 ,323.12 ,3.68 ,5.91 ,0.00 ,314.99 ,0.00 ,7958.40 ,0.00 ,-999.00 ,-999.00 ,102.89 ,0.20 ,0.20 ,3.49 ,5.57 ,114 ,2.60 ,3.66 ,116 ,0.32 ,5.56 ,5.54 ,5.58 ,6.25 ,6.24 ,6.27 ,6.70 ,6.70 ,6.72 ,-999.00 ,-999.00 ,-999.00 ,10.73 ,12.03 ,2.52 ,2.51 ,2.53 ,-999.00 ,-999.00 ,-999.00 ,-999.00 ,-999.00 ,-999.00 ,7.27 ,7.24 ,7.29 ,-4.68 ,-4.96 ,-5.09 ,-12.92 ,0.69 ,0.69 ,0.69 ,0.74 ,0.70 ,0.70 ,0.69 ,0.74 ,0.56 ,,100.00 ,0.00 ,0.00 ,0.00 ,69.12 ,136.00 ,136.00 
"2024-12-13",08:30,1.85 ,1.81 ,1.89 ,1.85 ,1.82 ,1.87 ,1.89 ,1.82 ,1.94 ,1.89 ,1.84 ,1.93 ,1.03 ,1.01 ,1.05 ,1.80 ,88.49 ,8.64 ,0.00 ,316.26 ,323.41 ,4.96 ,8.70 ,0.00 ,314.54 ,0.00 ,7963.90 ,0.00 ,-999.00 ,-999.00 ,102.88 ,0.20 ,0.20 ,3.61 ,5.91 ,137 ,3.15 ,4.87 ,136 ,0.32 ,5.56 ,5.54 ,5.57 ,6.25 ,6.23 ,6.27 ,6.71 ,6.69 ,6.72 ,-999.00 ,-999.00 ,-999.00 ,10.74 ,12.02 ,2.52 ,2.52 ,2.53 ,-999.00 ,-999.00 ,-999.00 ,-999.00 ,-999.00 ,-999.00 ,7.27 ,7.25 ,7.28 ,-4.72 ,-4.99 ,-5.12 ,-12.61 ,0.69 ,0.69 ,0.69 ,0.74 ,0.70 ,0.70 ,0.69 ,0.74 ,0.56 ,,100.00 ,0.00 ,0.00 ,0.00 ,69.12 ,136.00 ,136.00 
"2024-12-13",08:40,1.79 ,1.77 ,1.82 ,1.79 ,1.76 ,1.82 ,1.81 ,1.79 ,1.82 ,1.82 ,1.78 ,1.84 ,1.00 ,0.99 ,1.02 ,1.72 ,87.65 ,11.58 ,0.00 ,315.95 ,323.09 ,7.11 ,11.69 ,0.00 ,313.76 ,0.00 ,7860.30 ,0.00 ,-999.00 ,-999.00 ,102.88 ,0.20 ,0.20 ,4.72 ,6.42 ,144 ,3.72 ,6.77 ,147 ,0.32 ,5.54 ,5.53 ,5.56 ,6.25 ,6.23 ,6.26 ,6.71 ,6.70 ,6.72 ,-999.00 ,-999.00 ,-999.00 ,10.73 ,12.03 ,2.52 ,2.50 ,2.53 ,-999.00 ,-999.00 ,-999.00 ,-999.00 ,-999.00 ,-999.00 ,7.26 ,7.23 ,7.28 ,-4.75 ,-5.02 ,-5.16 ,-12.33 ,0.69 ,0.69 ,0.69 ,0.74 ,0.70 ,0.70 ,0.69 ,0.74 ,0.56 ,,100.00 ,0.00 ,0.00 ,0.00 ,69.12 ,136.00 ,136.00 
"2024-12-13",08:50,1.78 ,1.76 ,1.83 ,1.77 ,1.73 ,1.80 ,1.80 ,1.74 ,1.83 ,1.80 ,1.76 ,1.84 ,1.00 ,0.98 ,1.02 ,1.70 ,87.02 ,14.57 ,0.00 ,315.84 ,323.32 ,8.78 ,14.69 ,0.00 ,313.53 ,0.00 ,7932.00 ,0.00 ,-999.00 ,-999.00 ,102.89 ,0.20 ,0.20 ,4.61 ,6.09 ,136 ,3.56 ,5.44 ,135 ,0.32 ,5.54 ,5.53 ,5.55 ,6.24 ,6.22 ,6.25 ,6.70 ,6.68 ,6.71 ,-999.00 ,-999.00 ,-999.00 ,10.74 ,12.03 ,2.51 ,2.50 ,2.51 ,-999.00 ,-999.00 ,-999.00 ,-999.00 ,-999.00 ,-999.00 ,7.27 ,7.25 ,7.28 ,-4.79 ,-5.05 ,-5.19 ,-12.33 ,0.69 ,0.69 ,0.69 ,0.74 ,0.70 ,0.70 ,0.69 ,0.74 ,0.56 ,,100.00 ,0.00 ,0.00 ,0.00 ,69.12 ,136.00 ,136.00 
"2024-12-13",09:00,1.72 ,1.69 ,1.76 ,1.70 ,1.69 ,1.72 ,1.73 ,1.69 ,1.76 ,1.72 ,1.69 ,1.76 ,0.97 ,0.95 ,1.00 ,1.63 ,86.08 ,19.24 ,0.00 ,315.03 ,322.96 ,11.89 ,19.32 ,0.00 ,313.02 ,0.00 ,7939.20 ,0.00 ,-999.00 ,-999.00 ,102.89 ,0.20 ,0.20 ,4.98 ,6.46 ,134 ,3.91 ,5.76 ,135 ,0.32 ,5.53 ,5.52 ,5.54 ,6.23 ,6.21 ,6.25 ,6.69 ,6.68 ,6.70 ,-999.00 ,-999.00 ,-999.00 ,10.74 ,12.02 ,2.51 ,2.49 ,2.51 ,-999.00 ,-999.00 ,-999.00 ,-999.00 ,-999.00 ,-999.00 ,7.26 ,7.23 ,7.29 ,-4.82 ,-5.09 ,-5.22 ,-12.15 ,0.69 ,0.69 ,0.69 ,0.74 ,0.70 ,0.70 ,0.69 ,0.74 ,0.56 ,,100.00 ,0.00 ,0.00 ,0.00 ,69.12 ,136.00 ,136.00 
"2024-12-13",09:10,1.67 ,1.64 ,1.74 ,1.65 ,1.63 ,1.70 ,1.73 ,1.71 ,1.77 ,1.72 ,1.69 ,1.77 ,0.95 ,0.93 ,0.97 ,1.62 ,85.65 ,19.39 ,0.00 ,315.05 ,323.07 ,12.13 ,19.39 ,0.00 ,313.29 ,0.00 ,7605.90 ,0.00 ,-999.00 ,-999.00 ,102.90 ,0.20 ,0.20 ,3.95 ,6.36 ,121 ,3.07 ,5.09 ,121 ,0.32 ,5.53 ,5.52 ,5.54 ,6.24 ,6.22 ,6.25 ,6.69 ,6.68 ,6.71 ,-999.00 ,-999.00 ,-999.00 ,10.74 ,12.02 ,2.50 ,2.49 ,2.51 ,-999.00 ,-999.00 ,-999.00 ,-999.00 ,-999.00 ,-999.00 ,7.26 ,7.24 ,7.28 ,-4.85 ,-5.12 ,-5.25 ,-11.87 ,0.69 ,0.69 ,0.69 ,0.74 ,0.70 ,0.70 ,0.69 ,0.74 ,0.56 ,,100.00 ,0.00 ,0.00 ,0.00 ,69.12 ,136.00 ,136.00 
"2024-12-13",09:20,1.71 ,1.68 ,1.74 ,1.71 ,1.69 ,1.74 ,1.80 ,1.75 ,1.82 ,1.79 ,1.76 ,1.83 ,1.00 ,0.95 ,1.05 ,1.70 ,85.68 ,20.19 ,0.00 ,315.56 ,323.68 ,12.62 ,20.12 ,0.00 ,313.84 ,0.00 ,7779.60 ,0.00 ,-999.00 ,-999.00 ,102.90 ,0.20 ,0.20 ,3.80 ,6.09 ,118 ,2.54 ,4.29 ,123 ,0.32 ,5.52 ,5.50 ,5.53 ,6.25 ,6.23 ,6.26 ,6.70 ,6.69 ,6.71 ,-999.00 ,-999.00 ,-999.00 ,10.73 ,12.03 ,2.51 ,2.50 ,2.52 ,-999.00 ,-999.00 ,-999.00 ,-999.00 ,-999.00 ,-999.00 ,7.26 ,7.24 ,7.28 ,-4.88 ,-5.16 ,-5.28 ,-11.50 ,0.69 ,0.69 ,0.69 ,0.74 ,0.70 ,0.70 ,0.69 ,0.74 ,0.56 ,,100.00 ,0.00 ,0.00 ,0.00 ,69.12 ,136.00 ,136.00 
"2024-12-13",09:30,1.75 ,1.73 ,1.78 ,1.76 ,1.75 ,1.78 ,1.82 ,1.81 ,1.84 ,1.83 ,1.80 ,1.84 ,1.08 ,1.07 ,1.12 ,1.71 ,86.50 ,20.32 ,0.00 ,315.68 ,323.87 ,12.71 ,20.32 ,0.00 ,314.25 ,0.00 ,7827.60 ,0.00 ,-999.00 ,-999.00 ,102.91 ,0.20 ,0.20 ,3.82 ,5.38 ,122 ,2.81 ,4.52 ,127 ,0.32 ,5.50 ,5.49 ,5.52 ,6.23 ,6.22 ,6.24 ,6.69 ,6.68 ,6.71 ,-999.00 ,-999.00 ,-999.00 ,10.74 ,12.03 ,2.52 ,2.52 ,2.53 ,-999.00 ,-999.00 ,-999.00 ,-999.00 ,-999.00 ,-999.00 ,7.25 ,7.25 ,7.27 ,-4.92 ,-5.19 ,-5.31 ,-10.95 ,0.69 ,0.69 ,0.69 ,0.74 ,0.70 ,0.70 ,0.69 ,0.74 ,0.56 ,,100.00 ,0.00 ,0.00 ,0.00 ,69.12 ,136.00 ,136.00 
"2024-12-13",09:40,1.76 ,1.67 ,1.84 ,1.75 ,1.67 ,1.84 ,1.82 ,1.73 ,1.92 ,1.80 ,1.70 ,1.90 ,1.13 ,1.07 ,1.16 ,1.70 ,87.80 ,21.81 ,0.06 ,315.60 ,323.76 ,13.82 ,21.81 ,0.00 ,314.12 ,0.00 ,7977.40 ,0.00 ,-999.00 ,-999.00 ,102.91 ,0.20 ,0.20 ,3.24 ,4.45 ,151 ,2.81 ,4.46 ,151 ,0.32 ,5.49 ,5.48 ,5.51 ,6.23 ,6.22 ,6.25 ,6.70 ,6.69 ,6.71 ,-999.00 ,-999.00 ,-999.00 ,10.74 ,12.02 ,2.55 ,2.52 ,2.57 ,-999.00 ,-999.00 ,-999.00 ,-999.00 ,-999.00 ,-999.00 ,7.26 ,7.24 ,7.28 ,-4.95 ,-5.22 ,-5.34 ,-10.44 ,0.69 ,0.69 ,0.69 ,0.74 ,0.70 ,0.70 ,0.69 ,0.74 ,0.56 ,,100.00 ,0.00 ,0.00 ,0.00 ,69.12 ,136.00 ,136.00 
"2024-12-13",09:50,1.63 ,1.55 ,1.71 ,1.63 ,1.57 ,1.69 ,1.66 ,1.59 ,1.74 ,1.65 ,1.59 ,1.73 ,1.02 ,0.99 ,1.06 ,1.57 ,87.03 ,26.64 ,0.99 ,315.04 ,323.56 ,17.13 ,26.69 ,0.00 ,313.25 ,0.00 ,7857.30 ,0.00 ,-999.00 ,-999.00 ,102.90 ,0.20 ,0.20 ,4.00 ,5.77 ,155 ,3.25 ,5.38 ,155 ,0.32 ,5.47 ,5.46 ,5.49 ,6.22 ,6.20 ,6.23 ,6.70 ,6.69 ,6.71 ,-999.00 ,-999.00 ,-999.00 ,10.73 ,12.03 ,2.57 ,2.55 ,2.58 ,-999.00 ,-999.00 ,-999.00 ,-999.00 ,-999.00 ,-999.00 ,7.25 ,7.23 ,7.27 ,-4.99 ,-5.26 ,-5.36 ,-10.03 ,0.69 ,0.69 ,0.69 ,0.74 ,0.70 ,0.70 ,0.69 ,0.74 ,0.56 ,,100.00 ,0.00 ,0.00 ,0.00 ,69.12 ,136.00 ,136.00 
"2024-12-13",10:00,1.54 ,1.51 ,1.60 ,1.53 ,1.50 ,1.58 ,1.57 ,1.53 ,1.60 ,1.57 ,1.54 ,1.60 ,0.97 ,0.92 ,1.02 ,1.49 ,86.69 ,29.63 ,1.83 ,314.19 ,322.86 ,19.14 ,29.76 ,0.00 ,312.81 ,0.00 ,7827.30 ,0.00 ,-999.00 ,-999.00 ,102.90 ,0.20 ,0.20 ,4.24 ,6.25 ,160 ,3.40 ,5.40 ,160 ,0.32 ,5.47 ,5.45 ,5.48 ,6.22 ,6.21 ,6.23 ,6.70 ,6.69 ,6.71 ,-999.00 ,-999.00 ,-999.00 ,10.73 ,12.02 ,2.57 ,2.57 ,2.59 ,-999.00 ,-999.00 ,-999.00 ,-999.00 ,-999.00 ,-999.00 ,7.26 ,7.23 ,7.28 ,-5.02 ,-5.28 ,-5.38 ,-9.88 ,0.69 ,0.69 ,0.69 ,0.74 ,0.70 ,0.70 ,0.69 ,0.74 ,0.56 ,,100.00 ,0.00 ,0.00 ,0.00 ,69.12 ,136.00 ,136.00 
"2024-12-13",10:10,1.45 ,1.40 ,1.54 ,1.44 ,1.38 ,1.54 ,1.48 ,1.43 ,1.60 ,1.48 ,1.43 ,1.59 ,0.93 ,0.87 ,0.99 ,1.38 ,86.31 ,30.82 ,2.13 ,314.41 ,323.06 ,20.04 ,30.82 ,0.00 ,312.47 ,0.00 ,7783.50 ,0.00 ,-999.00 ,-999.00 ,102.89 ,0.20 ,0.20 ,4.37 ,5.70 ,150 ,3.45 ,5.42 ,151 ,0.32 ,5.46 ,5.46 ,5.48 ,6.22 ,6.20 ,6.24 ,6.70 ,6.69 ,6.70 ,-999.00 ,-999.00 ,-999.00 ,10.74 ,12.02 ,2.58 ,2.57 ,2.59 ,-999.00 ,-999.00 ,-999.00 ,-999.00 ,-999.00 ,-999.00 ,7.26 ,7.22 ,7.27 ,-5.05 ,-5.31 ,-5.40 ,-9.73 ,0.69 ,0.69 ,0.69 ,0.74 ,0.70 ,0.70 ,0.69 ,0.74 ,0.56 ,,100.00 ,0.00 ,0.00 ,0.00 ,69.12 ,136.00 ,136.00 
"2024-12-13",10:20,1.38 ,1.34 ,1.41 ,1.37 ,1.35 ,1.41 ,1.43 ,1.40 ,1.46 ,1.41 ,1.39 ,1.45 ,0.86 ,0.83 ,0.89 ,1.30 ,86.92 ,30.83 ,2.26 ,314.23 ,322.75 ,20.06 ,30.85 ,0.00 ,312.27 ,0.00 ,7930.00 ,0.00 ,-999.00 ,-999.00 ,102.89 ,0.20 ,0.20 ,3.78 ,5.99 ,161 ,3.14 ,4.25 ,161 ,0.32 ,5.46 ,5.44 ,5.48 ,6.23 ,6.20 ,6.24 ,6.70 ,6.68 ,6.72 ,-999.00 ,-999.00 ,-999.00 ,10.73 ,12.02 ,2.58 ,2.57 ,2.59 ,-999.00 ,-999.00 ,-999.00 ,-999.00 ,-999.00 ,-999.00 ,7.25 ,7.23 ,7.27 ,-5.08 ,-5.34 ,-5.41 ,-9.63 ,0.69 ,0.69 ,0.69 ,0.74 ,0.70 ,0.70 ,0.69 ,0.74 ,0.56 ,,100.00 ,0.00 ,0.00 ,0.00 ,69.12 ,136.00 ,136.00 
"2024-12-13",10:30,1.28 ,1.24 ,1.37 ,1.28 ,1.24 ,1.33 ,1.31 ,1.27 ,1.41 ,1.30 ,1.26 ,1.39 ,0.82 ,0.80 ,0.84 ,1.22 ,86.59 ,34.03 ,3.03 ,313.81 ,322.78 ,22.03 ,34.14 ,0.00 ,311.89 ,0.00 ,7925.10 ,0.00 ,-999.00 ,-999.00 ,102.89 ,0.20 ,0.20 ,4.47 ,6.22 ,159 ,3.45 ,5.40 ,155 ,0.32 ,5.46 ,5.45 ,5.47 ,6.22 ,6.20 ,6.23 ,6.69 ,6.68 ,6.71 ,-999.00 ,-999.00 ,-999.00 ,10.73 ,12.03 ,2.57 ,2.57 ,2.58 ,-999.00 ,-999.00 ,-999.00 ,-999.00 ,-999.00 ,-999.00 ,7.25 ,7.22 ,7.26 ,-5.11 ,-5.36 ,-5.42 ,-9.60 ,0.69 ,0.69 ,0.69 ,0.74 ,0.70 ,0.70 ,0.69 ,0.74 ,0.56 ,,100.00 ,0.00 ,0.00 ,0.00 ,69.12 ,136.00 ,136.00 
"2024-12-13",10:40,1.22 ,1.18 ,1.27 ,1.21 ,1.18 ,1.25 ,1.24 ,1.20 ,1.29 ,1.24 ,1.23 ,1.27 ,0.75 ,0.73 ,0.78 ,1.14 ,86.45 ,38.72 ,4.15 ,313.49 ,322.63 ,25.43 ,38.68 ,0.00 ,311.63 ,0.00 ,7862.20 ,0.00 ,-999.00 ,-999.00 ,102.89 ,0.20 ,0.20 ,3.88 ,5.72 ,144 ,3.18 ,4.85 ,144 ,0.32 ,5.45 ,5.44 ,5.46 ,6.22 ,6.20 ,6.23 ,6.69 ,6.68 ,6.71 ,-999.00 ,-999.00 ,-999.00 ,10.73 ,12.03 ,2.58 ,2.57 ,2.58 ,-999.00 ,-999.00 ,-999.00 ,-999.00 ,-999.00 ,-999.00 ,7.26 ,7.24 ,7.28 ,-5.14 ,-5.38 ,-5.43 ,-9.54 ,0.69 ,0.69 ,0.69 ,0.74 ,0.70 ,0.70 ,0.69 ,0.74 ,0.56 ,,100.00 ,0.00 ,0.00 ,0.00 ,69.12 ,136.00 ,136.00 
"2024-12-13",10:50,1.20 ,1.09 ,1.27 ,1.20 ,1.08 ,1.27 ,1.21 ,1.14 ,1.29 ,1.20 ,1.13 ,1.29 ,0.84 ,0.78 ,0.89 ,1.11 ,86.31 ,41.62 ,4.76 ,312.68 ,322.54 ,27.01 ,41.64 ,0.00 ,311.71 ,0.00 ,7960.80 ,0.00 ,-999.00 ,-999.00 ,102.88 ,0.20 ,0.20 ,3.78 ,5.32 ,135 ,3.10 ,4.56 ,134 ,0.32 ,5.43 ,5.43 ,5.44 ,6.21 ,6.20 ,6.22 ,6.69 ,6.68 ,6.70 ,-999.00 ,-999.00 ,-999.00 ,10.72 ,12.03 ,2.58 ,2.57 ,2.59 ,-999.00 ,-999.00 ,-999.00 ,-999.00 ,-999.00 ,-999.00 ,7.24 ,7.22 ,7.26 ,-5.17 ,-5.40 ,-5.44 ,-9.26 ,0.69 ,0.69 ,0.69 ,0.74 ,0.70 ,0.70 ,0.69 ,0.74 ,0.56 ,,100.00 ,0.00 ,0.00 ,0.00 ,69.12 ,136.00 ,136.00 
"2024-12-13",11:00,1.10 ,1.05 ,1.14 ,1.08 ,1.02 ,1.12 ,1.10 ,1.03 ,1.17 ,1.09 ,1.02 ,1.16 ,0.75 ,0.72 ,0.82 ,1.00 ,85.93 ,42.42 ,4.94 ,312.72 ,322.45 ,27.75 ,42.28 ,0.00 ,311.31 ,0.00 ,7990.90 ,0.00 ,-999.00 ,-999.00 ,102.87 ,0.20 ,0.20 ,3.39 ,5.10 ,139 ,2.60 ,3.95 ,138 ,0.32 ,5.43 ,5.41 ,5.44 ,6.21 ,6.19 ,6.22 ,6.69 ,6.68 ,6.70 ,-999.00 ,-999.00 ,-999.00 ,10.72 ,12.03 ,2.61 ,2.60 ,2.62 ,-999.00 ,-999.00 ,-999.00 ,-999.00 ,-999.00 ,-999.00 ,7.25 ,7.23 ,7.27 ,-5.20 ,-5.41 ,-5.44 ,-8.71 ,0.69 ,0.69 ,0.69 ,0.74 ,0.70 ,0.70 ,0.69 ,0.74 ,0.56 ,,100.00 ,0.00 ,0.00 ,0.00 ,69.12 ,136.00 ,136.00 
"2024-12-13",11:10,1.16 ,1.12 ,1.20 ,1.16 ,1.13 ,1.19 ,1.15 ,1.09 ,1.23 ,1.14 ,1.08 ,1.22 ,0.82 ,0.77 ,0.84 ,1.04 ,86.35 ,41.44 ,4.55 ,312.59 ,322.64 ,26.84 ,41.34 ,0.00 ,311.47 ,0.00 ,7779.10 ,0.00 ,-999.00 ,-999.00 ,102.85 ,0.20 ,0.20 ,3.94 ,6.15 ,123 ,3.20 ,4.96 ,124 ,0.32 ,5.41 ,5.41 ,5.43 ,6.20 ,6.19 ,6.21 ,6.69 ,6.68 ,6.70 ,-999.00 ,-999.00 ,-999.00 ,10.72 ,12.03 ,2.63 ,2.62 ,2.65 ,-999.00 ,-999.00 ,-999.00 ,-999.00 ,-999.00 ,-999.00 ,7.25 ,7.24 ,7.28 ,-5.23 ,-5.43 ,-5.44 ,-8.23 ,0.69 ,0.69 ,0.69 ,0.74 ,0.70 ,0.70 ,0.69 ,0.74 ,0.56 ,,100.00 ,0.00 ,0.00 ,0.00 ,69.12 ,136.00 ,136.00 
"2024-12-13",11:20,1.05 ,0.94 ,1.14 ,1.03 ,0.90 ,1.14 ,1.02 ,0.90 ,1.14 ,1.02 ,0.92 ,1.14 ,0.70 ,0.63 ,0.76 ,0.94 ,86.61 ,46.21 ,5.93 ,312.41 ,322.24 ,30.45 ,46.23 ,0.00 ,311.04 ,0.00 ,7779.50 ,0.00 ,-999.00 ,-999.00 ,102.83 ,0.20 ,0.20 ,4.32 ,6.40 ,139 ,3.43 ,5.04 ,137 ,0.32 ,5.41 ,5.40 ,5.42 ,6.19 ,6.17 ,6.20 ,6.68 ,6.67 ,6.70 ,-999.00 ,-999.00 ,-999.00 ,10.72 ,12.03 ,2.64 ,2.62 ,2.65 ,-999.00 ,-999.00 ,-999.00 ,-999.00 ,-999.00 ,-999.00 ,7.25 ,7.24 ,7.27 ,-5.26 ,-5.44 ,-5.44 ,-8.04 ,0.69 ,0.69 ,0.69 ,0.74 ,0.70 ,0.70 ,0.69 ,0.74 ,0.56 ,,100.00 ,0.00 ,0.00 ,0.00 ,69.12 ,136.00 ,136.00 
"2024-12-13",11:30,1.00 ,0.94 ,1.07 ,0.99 ,0.94 ,1.05 ,1.01 ,0.96 ,1.09 ,1.00 ,0.94 ,1.07 ,0.66 ,0.60 ,0.72 ,0.92 ,86.91 ,46.02 ,6.07 ,311.95 ,321.82 ,30.08 ,46.07 ,0.00 ,310.87 ,0.00 ,7952.20 ,0.00 ,-999.00 ,-999.00 ,102.82 ,0.20 ,0.20 ,3.73 ,5.32 ,157 ,3.20 ,5.04 ,159 ,0.32 ,5.40 ,5.39 ,5.41 ,6.18 ,6.17 ,6.19 ,6.68 ,6.67 ,6.69 ,-999.00 ,-999.00 ,-999.00 ,10.73 ,12.04 ,2.64 ,2.64 ,2.65 ,-999.00 ,-999.00 ,-999.00 ,-999.00 ,-999.00 ,-999.00 ,7.25 ,7.22 ,7.26 ,-5.29 ,-5.45 ,-5.44 ,-8.06 ,0.69 ,0.69 ,0.69 ,0.74 ,0.70 ,0.70 ,0.69 ,0.74 ,0.56 ,,100.00 ,0.00 ,0.00 ,0.00 ,69.12 ,136.00 ,136.00 
"2024-12-13",11:40,0.88 ,0.79 ,0.98 ,0.88 ,0.79 ,0.95 ,0.90 ,0.81 ,0.98 ,0.88 ,0.78 ,0.97 ,0.50 ,0.39 ,0.60 ,0.80 ,87.25 ,46.38 ,6.17 ,311.29 ,321.36 ,30.14 ,46.49 ,0.00 ,310.09 ,0.00 ,7916.80 ,0.00 ,-999.00 ,-999.00 ,102.80 ,0.20 ,0.20 ,4.13 ,5.77 ,163 ,3.58 ,5.25 ,164 ,0.32 ,5.39 ,5.37 ,5.40 ,6.18 ,6.15 ,6.19 ,6.68 ,6.66 ,6.69 ,-999.00 ,-999.00 ,-999.00 ,10.73 ,12.04 ,2.63 ,2.61 ,2.65 ,-999.00 ,-999.00 ,-999.00 ,-999.00 ,-999.00 ,-999.00 ,7.25 ,7.22 ,7.27 ,-5.31 ,-5.46 ,-5.44 ,-8.13 ,0.69 ,0.69 ,0.69 ,0.74 ,0.70 ,0.70 ,0.69 ,0.74 ,0.56 ,,100.00 ,0.00 ,0.00 ,0.00 ,69.12 ,136.00 ,136.00 
"2024-12-13",11:50,0.75 ,0.71 ,0.82 ,0.75 ,0.72 ,0.80 ,0.71 ,0.64 ,0.81 ,0.70 ,0.62 ,0.80 ,0.39 ,0.35 ,0.43 ,0.64 ,86.76 ,42.75 ,5.25 ,310.89 ,321.16 ,27.23 ,42.54 ,0.00 ,309.39 ,0.00 ,7977.80 ,0.00 ,-999.00 ,-999.00 ,102.78 ,0.20 ,0.20 ,4.28 ,6.29 ,137 ,3.35 ,5.86 ,136 ,0.32 ,5.39 ,5.37 ,5.39 ,6.18 ,6.16 ,6.18 ,6.67 ,6.66 ,6.68 ,-999.00 ,-999.00 ,-999.00 ,10.73 ,12.03 ,2.60 ,2.59 ,2.62 ,-999.00 ,-999.00 ,-999.00 ,-999.00 ,-999.00 ,-999.00 ,7.24 ,7.23 ,7.26 ,-5.33 ,-5.46 ,-5.43 ,-8.62 ,0.69 ,0.69 ,0.69 ,0.74 ,0.70 ,0.70 ,0.69 ,0.74 ,0.56 ,,100.00 ,0.00 ,0.00 ,0.00 ,69.12 ,136.00 ,136.00 
"2024-12-13",12:00,0.66 ,0.61 ,0.71 ,0.68 ,0.61 ,0.74 ,0.66 ,0.59 ,0.72 ,0.65 ,0.58 ,0.70 ,0.30 ,0.26 ,0.33 ,0.58 ,86.82 ,34.57 ,3.19 ,310.79 ,320.52 ,21.65 ,34.45 ,0.00 ,309.30 ,0.00 ,7999.00 ,0.00 ,-999.00 ,-999.00 ,102.78 ,0.20 ,0.20 ,3.07 ,4.57 ,136 ,2.81 ,3.92 ,140 ,0.32 ,5.37 ,5.35 ,5.38 ,6.16 ,6.16 ,6.17 ,6.66 ,6.66 ,6.67 ,-999.00 ,-999.00 ,-999.00 ,10.73 ,12.03 ,2.58 ,2.57 ,2.60 ,-999.00 ,-999.00 ,-999.00 ,-999.00 ,-999.00 ,-999.00 ,7.24 ,7.22 ,7.27 ,-5.35 ,-5.47 ,-5.43 ,-9.11 ,0.69 ,0.69 ,0.69 ,0.74 ,0.70 ,0.70 ,0.69 ,0.74 ,0.56 ,,100.00 ,0.00 ,0.00 ,0.00 ,69.12 ,136.00 ,136.00 
"2024-12-13",12:10,0.68 ,0.64 ,0.73 ,0.69 ,0.63 ,0.73 ,0.63 ,0.58 ,0.74 ,0.62 ,0.57 ,0.73 ,0.30 ,0.26 ,0.32 ,0.54 ,86.82 ,33.89 ,2.91 ,310.76 ,320.70 ,21.05 ,33.92 ,0.00 ,309.49 ,0.00 ,7915.20 ,0.00 ,-999.00 ,-999.00 ,102.78 ,0.20 ,0.20 ,3.41 ,5.30 ,130 ,2.66 ,4.86 ,134 ,0.32 ,5.36 ,5.34 ,5.36 ,6.16 ,6.15 ,6.17 ,6.65 ,6.64 ,6.66 ,-999.00 ,-999.00 ,-999.00 ,10.73 ,12.04 ,2.56 ,2.54 ,2.58 ,-999.00 ,-999.00 ,-999.00 ,-999.00 ,-999.00 ,-999.00 ,7.23 ,7.21 ,7.24 ,-5.36 ,-5.48 ,-5.42 ,-9.64 ,0.69 ,0.69 ,0.69 ,0.74 ,0.70 ,0.70 ,0.69 ,0.74 ,0.56 ,,100.00 ,0.00 ,0.00 ,0.00 ,69.12 ,136.00 ,136.00 
"2024-12-13",12:20,0.64 ,0.62 ,0.67 ,0.65 ,0.64 ,0.68 ,0.63 ,0.59 ,0.68 ,0.62 ,0.58 ,0.67 ,0.25 ,0.20 ,0.29 ,0.56 ,87.39 ,34.51 ,3.00 ,310.73 ,320.12 ,22.12 ,34.46 ,0.00 ,309.34 ,0.00 ,7905.30 ,0.00 ,-999.00 ,-999.00 ,102.76 ,0.20 ,0.20 ,3.42 ,4.71 ,137 ,2.90 ,4.65 ,139 ,0.33 ,5.34 ,5.34 ,5.36 ,6.15 ,6.14 ,6.16 ,6.64 ,6.63 ,6.65 ,-999.00 ,-999.00 ,-999.00 ,10.72 ,12.05 ,2.56 ,2.54 ,2.56 ,-999.00 ,-999.00 ,-999.00 ,-999.00 ,-999.00 ,-999.00 ,7.22 ,7.20 ,7.24 ,-5.37 ,-5.48 ,-5.40 ,-9.95 ,0.69 ,0.69 ,0.69 ,0.74 ,0.70 ,0.70 ,0.69 ,0.74 ,0.56 ,,100.00 ,0.00 ,0.00 ,0.00 ,69.12 ,136.00 ,135.90 
"2024-12-13",12:30,0.63 ,0.61 ,0.65 ,0.64 ,0.61 ,0.65 ,0.61 ,0.57 ,0.66 ,0.60 ,0.55 ,0.65 ,0.27 ,0.22 ,0.32 ,0.53 ,87.33 ,32.59 ,2.58 ,310.99 ,320.22 ,20.78 ,32.51 ,0.00 ,309.15 ,0.00 ,7850.70 ,0.00 ,-999.00 ,-999.00 ,102.74 ,0.20 ,0.20 ,4.35 ,5.41 ,129 ,3.42 ,4.98 ,129 ,0.33 ,5.33 ,5.32 ,5.34 ,6.14 ,6.13 ,6.16 ,6.63 ,6.62 ,6.64 ,-999.00 ,-999.00 ,-999.00 ,10.74 ,12.04 ,2.51 ,2.48 ,2.54 ,-999.00 ,-999.00 ,-999.00 ,-999.00 ,-999.00 ,-999.00 ,7.22 ,7.21 ,7.24 ,-5.39 ,-5.49 ,-5.39 ,-10.37 ,0.69 ,0.69 ,0.69 ,0.74 ,0.70 ,0.70 ,0.69 ,0.74 ,0.56 ,,100.00 ,0.00 ,0.00 ,0.00 ,69.12 ,136.00 ,135.90 
"2024-12-13",12:40,0.63 ,0.62 ,0.65 ,0.64 ,0.63 ,0.66 ,0.67 ,0.61 ,0.72 ,0.65 ,0.59 ,0.70 ,0.26 ,0.24 ,0.28 ,0.57 ,87.46 ,29.76 ,1.94 ,310.91 ,319.86 ,18.87 ,29.72 ,0.00 ,309.49 ,0.00 ,7912.80 ,0.00 ,-999.00 ,-999.00 ,102.73 ,0.20 ,0.20 ,3.82 ,5.25 ,130 ,3.25 ,5.14 ,129 ,0.33 ,5.32 ,5.31 ,5.33 ,6.14 ,6.13 ,6.15 ,6.63 ,6.62 ,6.64 ,-999.00 ,-999.00 ,-999.00 ,10.74 ,12.04 ,2.47 ,2.45 ,2.48 ,-999.00 ,-999.00 ,-999.00 ,-999.00 ,-999.00 ,-999.00 ,7.22 ,7.19 ,7.23 ,-5.40 ,-5.49 ,-5.38 ,-10.95 ,0.69 ,0.69 ,0.69 ,0.74 ,0.70 ,0.70 ,0.69 ,0.74 ,0.56 ,,100.00 ,0.00 ,0.00 ,0.00 ,69.12 ,135.90 ,135.90 
"2024-12-13",12:50,0.71 ,0.65 ,0.80 ,0.72 ,0.66 ,0.80 ,0.77 ,0.70 ,0.89 ,0.75 ,0.70 ,0.88 ,0.31 ,0.27 ,0.36 ,0.64 ,88.14 ,27.43 ,1.42 ,311.70 ,320.35 ,17.36 ,27.31 ,0.00 ,310.03 ,0.00 ,7980.80 ,0.00 ,-999.00 ,-999.00 ,102.71 ,0.20 ,0.20 ,3.59 ,5.90 ,131 ,2.94 ,4.85 ,135 ,0.33 ,5.31 ,5.30 ,5.32 ,6.13 ,6.12 ,6.15 ,6.62 ,6.60 ,6.63 ,-999.00 ,-999.00 ,-999.00 ,10.74 ,12.04 ,2.44 ,2.41 ,2.45 ,-999.00 ,-999.00 ,-999.00 ,-999.00 ,-999.00 ,-999.00 ,7.20 ,7.18 ,7.23 ,-5.42 ,-5.50 ,-5.37 ,-11.24 ,0.69 ,0.69 ,0.69 ,0.74 ,0.70 ,0.70 ,0.69 ,0.74 ,0.56 ,,100.00 ,0.00 ,0.00 ,0.00 ,69.12 ,135.90 ,135.90 
"2024-12-13",13:00,0.79 ,0.76 ,0.84 ,0.79 ,0.75 ,0.87 ,0.85 ,0.79 ,0.90 ,0.83 ,0.79 ,0.88 ,0.37 ,0.34 ,0.41 ,0.72 ,88.36 ,23.97 ,0.50 ,312.24 ,320.82 ,14.89 ,23.95 ,0.00 ,310.49 ,0.00 ,7861.60 ,0.00 ,-999.00 ,-999.00 ,102.71 ,0.20 ,0.20 ,3.40 ,4.68 ,145 ,2.65 ,4.60 ,145 ,0.33 ,5.30 ,5.29 ,5.31 ,6.12 ,6.12 ,6.14 ,6.62 ,6.61 ,6.65 ,-999.00 ,-999.00 ,-999.00 ,10.74 ,12.03 ,2.42 ,2.40 ,2.43 ,-999.00 ,-999.00 ,-999.00 ,-999.00 ,-999.00 ,-999.00 ,7.21 ,7.20 ,7.23 ,-5.43 ,-5.51 ,-5.36 ,-11.32 ,0.69 ,0.69 ,0.69 ,0.74 ,0.70 ,0.70 ,0.69 ,0.74 ,0.56 ,,100.00 ,0.00 ,0.00 ,0.00 ,69.12 ,135.90 ,135.90 
"2024-12-13",13:10,0.84 ,0.79 ,0.88 ,0.84 ,0.80 ,0.87 ,0.92 ,0.86 ,0.96 ,0.90 ,0.83 ,0.95 ,0.40 ,0.37 ,0.43 ,0.79 ,88.78 ,22.20 ,0.07 ,311.83 ,320.50 ,13.45 ,22.18 ,0.00 ,310.74 ,0.00 ,7941.70 ,0.00 ,-999.00 ,-999.00 ,102.69 ,0.20 ,0.20 ,3.59 ,5.32 ,140 ,3.01 ,4.69 ,142 ,0.33 ,5.29 ,5.28 ,5.30 ,6.12 ,6.11 ,6.13 ,6.62 ,6.61 ,6.63 ,-999.00 ,-999.00 ,-999.00 ,10.74 ,12.04 ,2.41 ,2.40 ,2.42 ,-999.00 ,-999.00 ,-999.00 ,-999.00 ,-999.00 ,-999.00 ,7.21 ,7.18 ,7.22 ,-5.45 ,-5.51 ,-5.36 ,-11.34 ,0.69 ,0.69 ,0.69 ,0.74 ,0.70 ,0.70 ,0.69 ,0.74 ,0.56 ,,100.00 ,0.00 ,0.00 ,0.00 ,69.12 ,135.90 ,135.90 
"2024-12-13",13:20,0.90 ,0.83 ,0.97 ,0.90 ,0.84 ,0.94 ,0.95 ,0.89 ,1.01 ,0.94 ,0.87 ,0.98 ,0.41 ,0.38 ,0.43 ,0.84 ,89.16 ,20.70 ,0.01 ,312.40 ,320.86 ,12.59 ,20.66 ,0.00 ,311.23 ,0.00 ,7932.80 ,0.00 ,-999.00 ,-999.00 ,102.68 ,0.20 ,0.20 ,2.79 ,4.64 ,154 ,2.35 ,3.76 ,158 ,0.33 ,5.28 ,5.27 ,5.29 ,6.11 ,6.10 ,6.13 ,6.62 ,6.60 ,6.64 ,-999.00 ,-999.00 ,-999.00 ,10.74 ,12.03 ,2.39 ,2.38 ,2.40 ,-999.00 ,-999.00 ,-999.00 ,-999.00 ,-999.00 ,-999.00 ,7.21 ,7.19 ,7.23 ,-5.46 ,-5.52 ,-5.36 ,-11.45 ,0.69 ,0.69 ,0.69 ,0.74 ,0.70 ,0.70 ,0.69 ,0.74 ,0.56 ,,100.00 ,0.00 ,0.00 ,0.00 ,69.12 ,135.90 ,135.90 
