2024/12/12 13:07:47: 921,"12-dec-24","12:55",   426,   338,  2.0, 0.0210,  .7038, 0.0210, 1.0158, 1.00, 39.781, 0.0210,  .4297, 0.0210, 1.4172, 1.00,101.643
2024/12/12 13:12:47: 921,"12-dec-24","13:00",   406,   324,  2.0, 0.0210,  .7029, 0.0210, 1.0158, 1.00, 39.919, 0.0210,  .4287, 0.0210, 1.4173, 1.00,101.905
2024/12/12 13:17:48: 921,"12-dec-24","13:05",   248,   241,  2.0, 0.0210,  .7022, 0.0210, 1.0157, 1.00, 40.003, 0.0210,  .4279, 0.0210, 1.4173, 1.00,102.100
2024/12/12 13:22:47: 921,"12-dec-24","13:10",   277,   272,  2.0, 0.0210,  .7016, 0.0210, 1.0158, 1.00, 40.098, 0.0210,  .4270, 0.0210, 1.4172, 1.00,102.320
2024/12/12 13:27:47: 921,"12-dec-24","13:15",   246,   234,  2.0, 0.0210,  .7010, 0.0210, 1.0157, 1.00, 40.182, 0.0210,  .4262, 0.0210, 1.4173, 1.00,102.510
2024/12/12 13:32:47: 921,"12-dec-24","13:20",   331,   240,  2.0, 0.0210,  .7002, 0.0210, 1.0156, 1.00, 40.294, 0.0210,  .4254, 0.0210, 1.4172, 1.00,102.704
2024/12/12 13:37:48: 921,"12-dec-24","13:25",   253,   240,  2.0, 0.0210,  .6996, 0.0210, 1.0157, 1.00, 40.380, 0.0210,  .4246, 0.0210, 1.4172, 1.00,102.898
2024/12/12 13:42:47: 921,"12-dec-24","13:30",   257,   276,  2.0, 0.0210,  .6990, 0.0210, 1.0156, 1.00, 40.468, 0.0210,  .4237, 0.0210, 1.4172, 1.00,103.122
2024/12/12 13:47:47: 921,"12-dec-24","13:35",   292,   217,  2.0, 0.0210,  .6983, 0.0210, 1.0156, 1.00, 40.567, 0.0210,  .4231, 0.0210, 1.4173, 1.00,103.297
2024/12/12 13:52:47: 921,"12-dec-24","13:40",   244,   246,  2.0, 0.0210,  .6976, 0.0210, 1.0154, 1.00, 40.650, 0.0210,  .4222, 0.0210, 1.4172, 1.00,103.497
2024/12/12 13:57:48: 921,"12-dec-24","13:45",   305,   223,  2.0, 0.0210,  .6969, 0.0210, 1.0154, 1.00, 40.754, 0.0210,  .4215, 0.0210, 1.4171, 1.00,103.677
2024/12/12 14:02:47: 921,"12-dec-24","13:50",   247,   223,  2.0, 0.0210,  .6963, 0.0210, 1.0154, 1.00, 40.838, 0.0210,  .4208, 0.0210, 1.4171, 1.00,103.858
2024/12/12 14:07:47: 921,"12-dec-24","13:55",   297,   231,  2.0, 0.0210,  .6956, 0.0210, 1.0154, 1.00, 40.939, 0.0210,  .4200, 0.0210, 1.4170, 1.00,104.045
2024/12/12 14:12:47: 921,"12-dec-24","14:00",   264,   259,  2.0, 0.0210,  .6950, 0.0210, 1.0153, 1.00, 41.029, 0.0210,  .4192, 0.0210, 1.4171, 1.00,104.255
2024/12/12 14:17:47: 921,"12-dec-24","14:05",   242,   254,  2.0, 0.0210,  .6945, 0.0210, 1.0154, 1.00, 41.111, 0.0210,  .4183, 0.0210, 1.4170, 1.00,104.461
2024/12/12 14:22:47: 921,"12-dec-24","14:10",   285,   241,  2.0, 0.0210,  .6938, 0.0210, 1.0154, 1.00, 41.208, 0.0210,  .4175, 0.0210, 1.4170, 1.00,104.656
2024/12/12 14:27:47: 921,"12-dec-24","14:15",   268,   224,  2.0, 0.0210,  .6932, 0.0210, 1.0154, 1.00, 41.299, 0.0210,  .4169, 0.0210, 1.4171, 1.00,104.838
2024/12/12 14:32:47: 921,"12-dec-24","14:20",   224,   231,  2.0, 0.0210,  .6926, 0.0210, 1.0153, 1.00, 41.375, 0.0210,  .4161, 0.0210, 1.4172, 1.00,105.025
2024/12/12 14:37:47: 921,"12-dec-24","14:25",   282,   218,  2.0, 0.0210,  .6920, 0.0210, 1.0153, 1.00, 41.471, 0.0210,  .4154, 0.0210, 1.4170, 1.00,105.201
2024/12/12 14:42:47: 921,"12-dec-24","14:30",   261,   236,  2.0, 0.0210,  .6914, 0.0210, 1.0152, 1.00, 41.560, 0.0210,  .4146, 0.0210, 1.4170, 1.00,105.393
2024/12/12 14:47:47: 921,"12-dec-24","14:35",   292,   255,  2.0, 0.0210,  .6907, 0.0210, 1.0153, 1.00, 41.659, 0.0210,  .4138, 0.0210, 1.4170, 1.00,105.599
2024/12/12 14:52:47: 921,"12-dec-24","14:40",   169,   146,  2.0, 0.0210,  .6903, 0.0210, 1.0152, 1.00, 41.717, 0.0210,  .4134, 0.0210, 1.4170, 1.00,105.718
2024/12/12 14:57:47: 921,"12-dec-24","14:45",    34,  28.0,  2.0, 0.0210,  .6902, 0.0210, 1.0153, 1.00, 41.729, 0.0210,  .4133, 0.0210, 1.4170, 1.00,105.740
2024/12/12 15:02:47: 921,"12-dec-24","14:50",   116,   141,  2.0, 0.0210,  .6899, 0.0210, 1.0152, 1.00, 41.768, 0.0210,  .4128, 0.0210, 1.4169, 1.00,105.855
2024/12/12 15:07:47: 921,"12-dec-24","14:55",   189,   166,  2.0, 0.0210,  .6895, 0.0210, 1.0152, 1.00, 41.832, 0.0210,  .4123, 0.0210, 1.4169, 1.00,105.989
2024/12/12 15:12:47: 921,"12-dec-24","15:00",   215,   186,  2.0, 0.0210,  .6890, 0.0210, 1.0152, 1.00, 41.905, 0.0210,  .4117, 0.0210, 1.4169, 1.00,106.140
2024/12/12 15:17:47: 921,"12-dec-24","15:05",    31,  13.6,  2.0, 0.0210,  .6890, 0.0210, 1.0153, 1.00, 41.916, 0.0210,  .4117, 0.0210, 1.4170, 1.00,106.151
2024/12/12 15:22:47: 921,"12-dec-24","15:10",    60,  27.3,  2.0, 0.0210,  .6889, 0.0210, 1.0153, 1.00, 41.937, 0.0210,  .4116, 0.0210, 1.4172, 1.00,106.173
2024/12/12 15:27:47: 921,"12-dec-24","15:15",  11.7,  28.0,  2.0, 0.0210,  .6888, 0.0210, 1.0152, 1.00, 41.941, 0.0210,  .4115, 0.0210, 1.4172, 1.00,106.196
2024/12/12 15:32:47: 921,"12-dec-24","15:20",   103,    96,  2.0, 0.0210,  .6885, 0.0210, 1.0152, 1.00, 41.976, 0.0210,  .4112, 0.0210, 1.4172, 1.00,106.274
2024/12/12 15:37:47: 921,"12-dec-24","15:25",   174,   157,  2.0, 0.0210,  .6881, 0.0210, 1.0152, 1.00, 42.035, 0.0210,  .4107, 0.0210, 1.4171, 1.00,106.401
2024/12/12 15:42:47: 921,"12-dec-24","15:30",   156,   167,  2.0, 0.0210,  .6878, 0.0210, 1.0151, 1.00, 42.088, 0.0210,  .4102, 0.0210, 1.4171, 1.00,106.537
2024/12/12 15:47:47: 921,"12-dec-24","15:35",   147,   137,  2.0, 0.0210,  .6874, 0.0210, 1.0151, 1.00, 42.138, 0.0210,  .4098, 0.0210, 1.4172, 1.00,106.648
2024/12/12 15:52:48: 921,"12-dec-24","15:40",   140,    88,  2.0, 0.0210,  .6870, 0.0210, 1.0150, 1.00, 42.186, 0.0210,  .4095, 0.0210, 1.4172, 1.00,106.720
2024/12/12 15:57:47: 921,"12-dec-24","15:45",    68,    71,  2.0, 0.0210,  .6869, 0.0210, 1.0150, 1.00, 42.209, 0.0210,  .4092, 0.0210, 1.4170, 1.00,106.777
2024/12/12 16:02:47: 921,"12-dec-24","15:50",   116,    98,  2.0, 0.0210,  .6866, 0.0210, 1.0150, 1.00, 42.249, 0.0210,  .4089, 0.0210, 1.4169, 1.00,106.857
2024/12/12 16:07:47: 921,"12-dec-24","15:55",   156,   108,  2.0, 0.0210,  .6863, 0.0210, 1.0150, 1.00, 42.302, 0.0210,  .4086, 0.0210, 1.4170, 1.00,106.945
2024/12/12 16:12:47: 921,"12-dec-24","16:00",   124,   169,  2.0, 0.0210,  .6859, 0.0210, 1.0149, 1.00, 42.344, 0.0210,  .4081, 0.0210, 1.4171, 1.00,107.082
2024/12/12 16:17:47: 921,"12-dec-24","16:05",   177,   120,  2.0, 0.0210,  .6856, 0.0210, 1.0151, 1.00, 42.405, 0.0210,  .4077, 0.0210, 1.4171, 1.00,107.179
2024/12/12 16:22:47: 921,"12-dec-24","16:10",   129,   133,  2.0, 0.0210,  .6852, 0.0210, 1.0150, 1.00, 42.449, 0.0210,  .4073, 0.0210, 1.4173, 1.00,107.286
2024/12/12 16:27:47: 921,"12-dec-24","16:15",   148,   140,  2.0, 0.0210,  .6849, 0.0210, 1.0149, 1.00, 42.499, 0.0210,  .4069, 0.0210, 1.4172, 1.00,107.400
2024/12/12 16:32:48: 921,"12-dec-24","16:20",   145,   132,  2.0, 0.0210,  .6845, 0.0210, 1.0148, 1.00, 42.549, 0.0210,  .4064, 0.0210, 1.4172, 1.00,107.508
2024/12/12 16:37:47: 921,"12-dec-24","16:25",   150,   140,  2.0, 0.0210,  .6842, 0.0210, 1.0149, 1.00, 42.600, 0.0210,  .4060, 0.0210, 1.4173, 1.00,107.621
2024/12/12 16:42:47: 921,"12-dec-24","16:30",    90,    90,  2.0, 0.0210,  .6839, 0.0210, 1.0148, 1.00, 42.630, 0.0210,  .4057, 0.0210, 1.4172, 1.00,107.694
2024/12/12 16:47:47: 921,"12-dec-24","16:35",   196,   141,  2.0, 0.0210,  .6834, 0.0210, 1.0147, 1.00, 42.697, 0.0210,  .4053, 0.0210, 1.4172, 1.00,107.809
2024/12/12 16:52:48: 921,"12-dec-24","16:40",   103,   121,  2.0, 0.0210,  .6831, 0.0210, 1.0146, 1.00, 42.732, 0.0210,  .4049, 0.0210, 1.4171, 1.00,107.907
2024/12/12 16:57:47: 921,"12-dec-24","16:45",   168,   110,  2.0, 0.0210,  .6828, 0.0210, 1.0147, 1.00, 42.790, 0.0210,  .4045, 0.0210, 1.4171, 1.00,107.996
2024/12/12 17:02:47: 921,"12-dec-24","16:50",   144,   147,  2.0, 0.0210,  .6824, 0.0210, 1.0146, 1.00, 42.839, 0.0210,  .4040, 0.0210, 1.4169, 1.00,108.115
2024/12/12 17:07:47: 921,"12-dec-24","16:55",   173,   181,  2.0, 0.0210,  .6820, 0.0210, 1.0145, 1.00, 42.898, 0.0210,  .4035, 0.0210, 1.4170, 1.00,108.262
2024/12/12 17:12:47: 921,"12-dec-24","17:00",   193,   154,  2.0, 0.0210,  .6816, 0.0210, 1.0147, 1.00, 42.963, 0.0210,  .4030, 0.0210, 1.4170, 1.00,108.387
2024/12/12 17:17:47: 921,"12-dec-24","17:05",   172,   159,  2.0, 0.0210,  .6813, 0.0210, 1.0147, 1.00, 43.022, 0.0210,  .4025, 0.0210, 1.4171, 1.00,108.516
2024/12/12 17:22:47: 921,"12-dec-24","17:10",   187,   198,  2.0, 0.0210,  .6808, 0.0210, 1.0147, 1.00, 43.086, 0.0210,  .4020, 0.0210, 1.4171, 1.00,108.676
2024/12/12 17:27:47: 921,"12-dec-24","17:15",    97,    96,  2.0, 0.0210,  .6806, 0.0210, 1.0146, 1.00, 43.119, 0.0210,  .4017, 0.0210, 1.4173, 1.00,108.755
2024/12/12 17:32:47: 921,"12-dec-24","17:20",   171,   121,  2.0, 0.0210,  .6802, 0.0210, 1.0147, 1.00, 43.177, 0.0210,  .4013, 0.0210, 1.4173, 1.00,108.853
2024/12/12 17:37:47: 921,"12-dec-24","17:25",   131,   106,  2.0, 0.0210,  .6799, 0.0210, 1.0146, 1.00, 43.222, 0.0210,  .4010, 0.0210, 1.4172, 1.00,108.939
2024/12/12 17:42:47: 921,"12-dec-24","17:30",   163,    89,  2.0, 0.0210,  .6795, 0.0210, 1.0146, 1.00, 43.278, 0.0210,  .4007, 0.0210, 1.4173, 1.00,109.011
2024/12/12 17:47:47: 921,"12-dec-24","17:35",   124,    98,  2.0, 0.0210,  .6791, 0.0210, 1.0145, 1.00, 43.320, 0.0210,  .4004, 0.0210, 1.4172, 1.00,109.091
2024/12/12 17:52:47: 921,"12-dec-24","17:40",   116,    86,  2.0, 0.0210,  .6789, 0.0210, 1.0145, 1.00, 43.360, 0.0210,  .4001, 0.0210, 1.4173, 1.00,109.161
2024/12/12 17:57:47: 921,"12-dec-24","17:45",   131,   118,  2.0, 0.0210,  .6786, 0.0210, 1.0144, 1.00, 43.404, 0.0210,  .3998, 0.0210, 1.4172, 1.00,109.256
2024/12/12 18:02:47: 921,"12-dec-24","17:50",   158,   131,  2.0, 0.0210,  .6782, 0.0210, 1.0143, 1.00, 43.458, 0.0210,  .3994, 0.0210, 1.4172, 1.00,109.363
2024/12/12 18:07:47: 921,"12-dec-24","17:55",   146,    94,  2.0, 0.0210,  .6778, 0.0210, 1.0143, 1.00, 43.508, 0.0210,  .3990, 0.0210, 1.4170, 1.00,109.439
2024/12/12 18:12:47: 921,"12-dec-24","18:00",   145,   121,  2.0, 0.0210,  .6775, 0.0210, 1.0144, 1.00, 43.557, 0.0210,  .3987, 0.0210, 1.4171, 1.00,109.537
2024/12/12 18:17:47: 921,"12-dec-24","18:05",   122,    92,  2.0, 0.0210,  .6773, 0.0210, 1.0144, 1.00, 43.599, 0.0210,  .3984, 0.0210, 1.4171, 1.00,109.612
2024/12/12 18:22:47: 921,"12-dec-24","18:10",   169,   128,  2.0, 0.0210,  .6769, 0.0210, 1.0143, 1.00, 43.657, 0.0210,  .3980, 0.0210, 1.4172, 1.00,109.716
2024/12/12 18:27:47: 921,"12-dec-24","18:15",   183,   158,  2.0, 0.0210,  .6765, 0.0210, 1.0143, 1.00, 43.719, 0.0210,  .3976, 0.0210, 1.4174, 1.00,109.844
2024/12/12 18:32:47: 921,"12-dec-24","18:20",   135,    97,  2.0, 0.0210,  .6762, 0.0210, 1.0144, 1.00, 43.765, 0.0210,  .3973, 0.0210, 1.4175, 1.00,109.923
2024/12/12 18:37:47: 921,"12-dec-24","18:25",    89,    80,  2.0, 0.0210,  .6759, 0.0210, 1.0143, 1.00, 43.796, 0.0210,  .3971, 0.0210, 1.4175, 1.00,109.988
2024/12/12 18:42:47: 921,"12-dec-24","18:30",   105,    88,  2.0, 0.0210,  .6756, 0.0210, 1.0141, 1.00, 43.831, 0.0210,  .3968, 0.0210, 1.4176, 1.00,110.060
2024/12/12 18:47:47: 921,"12-dec-24","18:35",   107,    78,  2.0, 0.0210,  .6753, 0.0210, 1.0141, 1.00, 43.868, 0.0210,  .3966, 0.0210, 1.4175, 1.00,110.123
2024/12/12 18:52:47: 921,"12-dec-24","18:40",   118,    89,  2.0, 0.0210,  .6750, 0.0210, 1.0140, 1.00, 43.908, 0.0210,  .3963, 0.0210, 1.4174, 1.00,110.195
2024/12/12 18:57:47: 921,"12-dec-24","18:45",   109,    56,  2.0, 0.0210,  .6747, 0.0210, 1.0139, 1.00, 43.945, 0.0210,  .3960, 0.0210, 1.4171, 1.00,110.241
2024/12/12 19:02:47: 921,"12-dec-24","18:50",   138,   143,  2.0, 0.0210,  .6743, 0.0210, 1.0138, 1.00, 43.993, 0.0210,  .3956, 0.0210, 1.4171, 1.00,110.357
2024/12/12 19:07:48: 921,"12-dec-24","18:55",   170,   159,  2.0, 0.0210,  .6740, 0.0210, 1.0139, 1.00, 44.050, 0.0210,  .3951, 0.0210, 1.4171, 1.00,110.486
2024/12/12 19:12:47: 921,"12-dec-24","19:00",   203,   135,  2.0, 0.0210,  .6736, 0.0210, 1.0140, 1.00, 44.119, 0.0210,  .3947, 0.0210, 1.4172, 1.00,110.596
2024/12/12 19:17:47: 921,"12-dec-24","19:05",   187,   138,  2.0, 0.0210,  .6732, 0.0210, 1.0140, 1.00, 44.183, 0.0210,  .3943, 0.0210, 1.4172, 1.00,110.707
2024/12/12 19:22:47: 921,"12-dec-24","19:10",   106,    98,  2.0, 0.0210,  .6730, 0.0210, 1.0140, 1.00, 44.219, 0.0210,  .3940, 0.0210, 1.4172, 1.00,110.787
2024/12/12 19:27:48: 921,"12-dec-24","19:15",   170,   136,  2.0, 0.0210,  .6726, 0.0210, 1.0140, 1.00, 44.278, 0.0210,  .3936, 0.0210, 1.4172, 1.00,110.898
2024/12/12 19:32:47: 921,"12-dec-24","19:20",   141,   143,  2.0, 0.0210,  .6723, 0.0210, 1.0141, 1.00, 44.326, 0.0210,  .3932, 0.0210, 1.4172, 1.00,111.014
2024/12/12 19:37:47: 921,"12-dec-24","19:25",   166,   154,  2.0, 0.0210,  .6719, 0.0210, 1.0141, 1.00, 44.382, 0.0210,  .3927, 0.0210, 1.4173, 1.00,111.138
2024/12/12 19:42:47: 921,"12-dec-24","19:30",   190,   190,  2.0, 0.0210,  .6715, 0.0210, 1.0140, 1.00, 44.447, 0.0210,  .3922, 0.0210, 1.4173, 1.00,111.292
2024/12/12 19:47:48: 921,"12-dec-24","19:35",   168,   171,  2.0, 0.0210,  .6711, 0.0210, 1.0140, 1.00, 44.504, 0.0210,  .3916, 0.0210, 1.4173, 1.00,111.431
2024/12/12 19:52:47: 921,"12-dec-24","19:40",   187,   168,  2.0, 0.0210,  .6707, 0.0210, 1.0141, 1.00, 44.568, 0.0210,  .3911, 0.0210, 1.4172, 1.00,111.568
2024/12/12 19:57:47: 921,"12-dec-24","19:45",   183,   183,  2.0, 0.0210,  .6703, 0.0210, 1.0140, 1.00, 44.630, 0.0210,  .3905, 0.0210, 1.4171, 1.00,111.716
2024/12/12 20:02:48: 921,"12-dec-24","19:50",   191,   193,  2.0, 0.0210,  .6699, 0.0210, 1.0140, 1.00, 44.695, 0.0210,  .3899, 0.0210, 1.4170, 1.00,111.872
2024/12/12 20:07:48: 921,"12-dec-24","19:55",   177,   204,  2.0, 0.0210,  .6695, 0.0210, 1.0140, 1.00, 44.755, 0.0210,  .3893, 0.0210, 1.4170, 1.00,112.038
2024/12/12 20:12:47: 921,"12-dec-24","20:00",   221,   211,  2.0, 0.0210,  .6691, 0.0210, 1.0141, 1.00, 44.831, 0.0210,  .3887, 0.0210, 1.4171, 1.00,112.209
2024/12/12 20:17:47: 921,"12-dec-24","20:05",   220,   222,  2.0, 0.0210,  .6686, 0.0210, 1.0141, 1.00, 44.906, 0.0210,  .3881, 0.0210, 1.4172, 1.00,112.389
2024/12/12 20:22:47: 921,"12-dec-24","20:10",   257,   228,  2.0, 0.0210,  .6680, 0.0210, 1.0142, 1.00, 44.993, 0.0210,  .3874, 0.0210, 1.4172, 1.00,112.573
2024/12/12 20:27:47: 921,"12-dec-24","20:15",   218,   225,  2.0, 0.0210,  .6676, 0.0210, 1.0142, 1.00, 45.068, 0.0210,  .3868, 0.0210, 1.4172, 1.00,112.755
2024/12/12 20:32:47: 921,"12-dec-24","20:20",   174,   182,  2.0, 0.0210,  .6671, 0.0210, 1.0141, 1.00, 45.127, 0.0210,  .3862, 0.0210, 1.4173, 1.00,112.902
2024/12/12 20:37:47: 921,"12-dec-24","20:25",   190,   191,  2.0, 0.0210,  .6667, 0.0210, 1.0141, 1.00, 45.192, 0.0210,  .3857, 0.0210, 1.4173, 1.00,113.057
2024/12/12 20:42:48: 921,"12-dec-24","20:30",   174,   174,  2.0, 0.0210,  .6663, 0.0210, 1.0140, 1.00, 45.251, 0.0210,  .3852, 0.0210, 1.4174, 1.00,113.198
2024/12/12 20:47:47: 921,"12-dec-24","20:35",   223,   174,  2.0, 0.0210,  .6658, 0.0210, 1.0141, 1.00, 45.327, 0.0210,  .3847, 0.0210, 1.4174, 1.00,113.339
2024/12/12 20:52:47: 921,"12-dec-24","20:40",   179,   172,  2.0, 0.0210,  .6654, 0.0210, 1.0141, 1.00, 45.388, 0.0210,  .3841, 0.0210, 1.4173, 1.00,113.478
2024/12/12 20:57:47: 921,"12-dec-24","20:45",   179,   186,  2.0, 0.0210,  .6649, 0.0210, 1.0139, 1.00, 45.449, 0.0210,  .3835, 0.0210, 1.4171, 1.00,113.628
2024/12/12 21:02:48: 921,"12-dec-24","20:50",   207,   226,  2.0, 0.0210,  .6645, 0.0210, 1.0139, 1.00, 45.519, 0.0210,  .3829, 0.0210, 1.4171, 1.00,113.811
2024/12/12 21:07:47: 921,"12-dec-24","20:55",   274,   206,  2.0, 0.0210,  .6639, 0.0210, 1.0140, 1.00, 45.613, 0.0210,  .3823, 0.0210, 1.4171, 1.00,113.978
2024/12/12 21:12:47: 921,"12-dec-24","21:00",   197,   200,  2.0, 0.0210,  .6635, 0.0210, 1.0140, 1.00, 45.680, 0.0210,  .3817, 0.0210, 1.4172, 1.00,114.140
2024/12/12 21:17:47: 921,"12-dec-24","21:05",   191,   171,  2.0, 0.0210,  .6630, 0.0210, 1.0139, 1.00, 45.745, 0.0210,  .3812, 0.0210, 1.4171, 1.00,114.279
2024/12/12 21:22:48: 921,"12-dec-24","21:10",   237,   175,  2.0, 0.0210,  .6625, 0.0210, 1.0139, 1.00, 45.825, 0.0210,  .3807, 0.0210, 1.4172, 1.00,114.421
2024/12/12 21:27:47: 921,"12-dec-24","21:15",   173,   179,  2.0, 0.0210,  .6622, 0.0210, 1.0140, 1.00, 45.884, 0.0210,  .3802, 0.0210, 1.4172, 1.00,114.566
2024/12/12 21:32:47: 921,"12-dec-24","21:20",   208,   201,  2.0, 0.0210,  .6617, 0.0210, 1.0139, 1.00, 45.955, 0.0210,  .3796, 0.0210, 1.4173, 1.00,114.729
2024/12/12 21:37:47: 921,"12-dec-24","21:25",   226,   183,  2.0, 0.0210,  .6612, 0.0210, 1.0140, 1.00, 46.032, 0.0210,  .3791, 0.0210, 1.4173, 1.00,114.877
2024/12/12 21:42:48: 921,"12-dec-24","21:30",   201,   167,  2.0, 0.0210,  .6607, 0.0210, 1.0139, 1.00, 46.101, 0.0210,  .3786, 0.0210, 1.4173, 1.00,115.012
2024/12/12 21:47:47: 921,"12-dec-24","21:35",   160,   151,  2.0, 0.0210,  .6604, 0.0210, 1.0138, 1.00, 46.155, 0.0210,  .3782, 0.0210, 1.4174, 1.00,115.135
2024/12/12 21:52:47: 921,"12-dec-24","21:40",   153,   133,  2.0, 0.0210,  .6600, 0.0210, 1.0137, 1.00, 46.207, 0.0210,  .3778, 0.0210, 1.4173, 1.00,115.243
2024/12/12 21:57:47: 921,"12-dec-24","21:45",   168,   119,  2.0, 0.0210,  .6595, 0.0210, 1.0137, 1.00, 46.264, 0.0210,  .3775, 0.0210, 1.4173, 1.00,115.339
2024/12/12 22:02:48: 921,"12-dec-24","21:50",   167,   104,  2.0, 0.0210,  .6591, 0.0210, 1.0136, 1.00, 46.321, 0.0210,  .3772, 0.0210, 1.4174, 1.00,115.423
2024/12/12 22:07:47: 921,"12-dec-24","21:55",   125,   118,  2.0, 0.0210,  .6589, 0.0210, 1.0136, 1.00, 46.364, 0.0210,  .3768, 0.0210, 1.4174, 1.00,115.519
2024/12/12 22:12:47: 921,"12-dec-24","22:00",   116,   114,  2.0, 0.0210,  .6586, 0.0210, 1.0136, 1.00, 46.403, 0.0210,  .3765, 0.0210, 1.4174, 1.00,115.612
2024/12/12 22:17:47: 921,"12-dec-24","22:05",   163,   107,  2.0, 0.0210,  .6581, 0.0210, 1.0134, 1.00, 46.459, 0.0210,  .3762, 0.0210, 1.4174, 1.00,115.699
2024/12/12 22:22:48: 921,"12-dec-24","22:10",   219,   140,  2.0, 0.0210,  .6576, 0.0210, 1.0134, 1.00, 46.533, 0.0210,  .3758, 0.0210, 1.4173, 1.00,115.812
2024/12/12 22:27:47: 921,"12-dec-24","22:15",   155,   159,  2.0, 0.0210,  .6573, 0.0210, 1.0133, 1.00, 46.586, 0.0210,  .3753, 0.0210, 1.4173, 1.00,115.941
2024/12/12 22:32:47: 921,"12-dec-24","22:20",   226,   155,  2.0, 0.0210,  .6568, 0.0210, 1.0133, 1.00, 46.663, 0.0210,  .3748, 0.0210, 1.4172, 1.00,116.067
2024/12/12 22:37:47: 921,"12-dec-24","22:25",   144,   149,  2.0, 0.0210,  .6564, 0.0210, 1.0132, 1.00, 46.712, 0.0210,  .3744, 0.0210, 1.4173, 1.00,116.188
2024/12/12 22:42:48: 921,"12-dec-24","22:30",   214,   158,  2.0, 0.0210,  .6560, 0.0210, 1.0133, 1.00, 46.785, 0.0210,  .3740, 0.0210, 1.4174, 1.00,116.316
2024/12/12 22:47:47: 921,"12-dec-24","22:35",   191,   193,  2.0, 0.0210,  .6556, 0.0210, 1.0133, 1.00, 46.850, 0.0210,  .3734, 0.0210, 1.4173, 1.00,116.473
2024/12/12 22:52:47: 921,"12-dec-24","22:40",   211,   172,  2.0, 0.0210,  .6551, 0.0210, 1.0133, 1.00, 46.922, 0.0210,  .3730, 0.0210, 1.4175, 1.00,116.612
2024/12/12 22:57:48: 921,"12-dec-24","22:45",   155,   120,  2.0, 0.0210,  .6547, 0.0210, 1.0132, 1.00, 46.975, 0.0210,  .3726, 0.0210, 1.4175, 1.00,116.710
2024/12/12 23:02:48: 921,"12-dec-24","22:50",   182,   144,  2.0, 0.0210,  .6543, 0.0210, 1.0132, 1.00, 47.037, 0.0210,  .3722, 0.0210, 1.4174, 1.00,116.826
2024/12/12 23:07:47: 921,"12-dec-24","22:55",   185,   144,  2.0, 0.0210,  .6539, 0.0210, 1.0131, 1.00, 47.100, 0.0210,  .3718, 0.0210, 1.4174, 1.00,116.943
2024/12/12 23:12:47: 921,"12-dec-24","23:00",   227,   177,  2.0, 0.0210,  .6534, 0.0210, 1.0131, 1.00, 47.177, 0.0210,  .3713, 0.0210, 1.4173, 1.00,117.087
2024/12/12 23:17:48: 921,"12-dec-24","23:05",   182,   181,  2.0, 0.0210,  .6530, 0.0210, 1.0131, 1.00, 47.239, 0.0210,  .3708, 0.0210, 1.4174, 1.00,117.234
2024/12/12 23:22:47: 921,"12-dec-24","23:10",   270,   169,  2.0, 0.0210,  .6524, 0.0210, 1.0131, 1.00, 47.331, 0.0210,  .3703, 0.0210, 1.4173, 1.00,117.370
2024/12/12 23:27:47: 921,"12-dec-24","23:15",   222,   205,  2.0, 0.0210,  .6519, 0.0210, 1.0131, 1.00, 47.407, 0.0210,  .3697, 0.0210, 1.4172, 1.00,117.536
2024/12/12 23:32:47: 921,"12-dec-24","23:20",   237,   194,  2.0, 0.0210,  .6514, 0.0210, 1.0131, 1.00, 47.487, 0.0210,  .3691, 0.0210, 1.4172, 1.00,117.693
2024/12/12 23:37:48: 921,"12-dec-24","23:25",   232,   192,  2.0, 0.0210,  .6509, 0.0210, 1.0131, 1.00, 47.566, 0.0210,  .3686, 0.0210, 1.4172, 1.00,117.849
2024/12/12 23:42:47: 921,"12-dec-24","23:30",   251,   202,  2.0, 0.0210,  .6505, 0.0210, 1.0132, 1.00, 47.652, 0.0210,  .3680, 0.0210, 1.4173, 1.00,118.013
2024/12/12 23:47:47: 921,"12-dec-24","23:35",   239,   186,  2.0, 0.0210,  .6500, 0.0210, 1.0133, 1.00, 47.733, 0.0210,  .3675, 0.0210, 1.4174, 1.00,118.163
2024/12/12 23:52:47: 921,"12-dec-24","23:40",   220,   180,  2.0, 0.0210,  .6495, 0.0210, 1.0133, 1.00, 47.808, 0.0210,  .3670, 0.0210, 1.4174, 1.00,118.309
2024/12/12 23:57:48: 921,"12-dec-24","23:45",   231,   205,  2.0, 0.0210,  .6490, 0.0210, 1.0132, 1.00, 47.886, 0.0210,  .3664, 0.0210, 1.4174, 1.00,118.475
2024/12/13 00:02:47: 921,"12-dec-24","23:50",   214,   206,  2.0, 0.0210,  .6485, 0.0210, 1.0132, 1.00, 47.959, 0.0210,  .3658, 0.0210, 1.4172, 1.00,118.642
2024/12/13 00:07:47: 921,"12-dec-24","23:55",   247,   212,  2.0, 0.0210,  .6480, 0.0210, 1.0132, 1.00, 48.043, 0.0210,  .3653, 0.0210, 1.4173, 1.00,118.814
2024/12/13 00:12:48: 921,"13-dec-24","00:00",   288,   222,  2.0, 0.0210,  .6473, 0.0210, 1.0131, 1.00, 48.141, 0.0210,  .3646, 0.0210, 1.4172, 1.00,118.993
2024/12/13 00:17:48: 921,"13-dec-24","00:05",   251,   212,  2.0, 0.0210,  .6469, 0.0210, 1.0132, 1.00, 48.226, 0.0210,  .3640, 0.0210, 1.4171, 1.00,119.165
2024/12/13 00:22:47: 921,"13-dec-24","00:10",   270,   246,  2.0, 0.0210,  .6463, 0.0210, 1.0133, 1.00, 48.318, 0.0210,  .3634, 0.0210, 1.4172, 1.00,119.365
2024/12/13 00:27:47: 921,"13-dec-24","00:15",   246,   196,  2.0, 0.0210,  .6458, 0.0210, 1.0133, 1.00, 48.402, 0.0210,  .3628, 0.0210, 1.4173, 1.00,119.524
2024/12/13 00:32:47: 921,"13-dec-24","00:20",   289,   221,  2.0, 0.0210,  .6452, 0.0210, 1.0133, 1.00, 48.500, 0.0210,  .3622, 0.0210, 1.4173, 1.00,119.703
2024/12/13 00:37:48: 921,"13-dec-24","00:25",   248,   223,  2.0, 0.0210,  .6447, 0.0210, 1.0134, 1.00, 48.585, 0.0210,  .3616, 0.0210, 1.4174, 1.00,119.884
2024/12/13 00:42:47: 921,"13-dec-24","00:30",   304,   229,  2.0, 0.0210,  .6441, 0.0210, 1.0134, 1.00, 48.688, 0.0210,  .3610, 0.0210, 1.4174, 1.00,120.069
2024/12/13 00:47:47: 921,"13-dec-24","00:35",   273,   243,  2.0, 0.0210,  .6435, 0.0210, 1.0133, 1.00, 48.781, 0.0210,  .3603, 0.0210, 1.4174, 1.00,120.266
2024/12/13 00:52:47: 921,"13-dec-24","00:40",   294,   219,  2.0, 0.0210,  .6428, 0.0210, 1.0132, 1.00, 48.881, 0.0210,  .3597, 0.0210, 1.4174, 1.00,120.444
2024/12/13 00:57:48: 921,"13-dec-24","00:45",   263,   246,  2.0, 0.0210,  .6422, 0.0210, 1.0132, 1.00, 48.970, 0.0210,  .3590, 0.0210, 1.4174, 1.00,120.643
2024/12/13 01:02:47: 921,"13-dec-24","00:50",   326,   229,  2.0, 0.0210,  .6415, 0.0210, 1.0132, 1.00, 49.081, 0.0210,  .3584, 0.0210, 1.4173, 1.00,120.829
2024/12/13 01:07:47: 921,"13-dec-24","00:55",   218,   245,  2.0, 0.0210,  .6411, 0.0210, 1.0132, 1.00, 49.156, 0.0210,  .3578, 0.0210, 1.4174, 1.00,121.027
2024/12/13 01:12:47: 921,"13-dec-24","01:00",   333,   220,  2.0, 0.0210,  .6403, 0.0210, 1.0131, 1.00, 49.269, 0.0210,  .3572, 0.0210, 1.4174, 1.00,121.205
2024/12/13 01:17:48: 921,"13-dec-24","01:05",   276,   274,  2.0, 0.0210,  .6396, 0.0210, 1.0130, 1.00, 49.363, 0.0210,  .3564, 0.0210, 1.4175, 1.00,121.427
2024/12/13 01:22:47: 921,"13-dec-24","01:10",   339,   233,  2.0, 0.0210,  .6389, 0.0210, 1.0130, 1.00, 49.478, 0.0210,  .3558, 0.0210, 1.4175, 1.00,121.616
2024/12/13 01:27:47: 921,"13-dec-24","01:15",   316,   263,  2.0, 0.0210,  .6382, 0.0210, 1.0129, 1.00, 49.586, 0.0210,  .3551, 0.0210, 1.4174, 1.00,121.828
2024/12/13 01:32:48: 921,"13-dec-24","01:20",   310,   259,  2.0, 0.0210,  .6375, 0.0210, 1.0129, 1.00, 49.691, 0.0210,  .3544, 0.0210, 1.4175, 1.00,122.038
2024/12/13 01:37:48: 921,"13-dec-24","01:25",   362,   262,  2.0, 0.0210,  .6367, 0.0210, 1.0128, 1.00, 49.814, 0.0210,  .3537, 0.0210, 1.4176, 1.00,122.250
2024/12/13 01:42:47: 921,"13-dec-24","01:30",   327,   260,  2.0, 0.0210,  .6360, 0.0210, 1.0127, 1.00, 49.925, 0.0210,  .3530, 0.0210, 1.4175, 1.00,122.460
2024/12/13 01:47:47: 921,"13-dec-24","01:35",   318,   263,  2.0, 0.0210,  .6353, 0.0210, 1.0126, 1.00, 50.033, 0.0210,  .3523, 0.0210, 1.4175, 1.00,122.673
2024/12/13 01:52:47: 921,"13-dec-24","01:40",   298,   275,  2.0, 0.0210,  .6346, 0.0210, 1.0125, 1.00, 50.135, 0.0210,  .3515, 0.0210, 1.4174, 1.00,122.896
2024/12/13 01:57:48: 921,"13-dec-24","01:45",   355,   268,  2.0, 0.0210,  .6338, 0.0210, 1.0124, 1.00, 50.256, 0.0210,  .3508, 0.0210, 1.4174, 1.00,123.113
2024/12/13 02:02:47: 921,"13-dec-24","01:50",   349,   228,  2.0, 0.0210,  .6331, 0.0210, 1.0124, 1.00, 50.374, 0.0210,  .3502, 0.0210, 1.4172, 1.00,123.297
2024/12/13 02:07:47: 921,"13-dec-24","01:55",   312,   267,  2.0, 0.0210,  .6324, 0.0210, 1.0124, 1.00, 50.480, 0.0210,  .3495, 0.0210, 1.4173, 1.00,123.513
2024/12/13 02:12:48: 921,"13-dec-24","02:00",   313,   250,  2.0, 0.0210,  .6317, 0.0210, 1.0124, 1.00, 50.587, 0.0210,  .3488, 0.0210, 1.4173, 1.00,123.716
2024/12/13 02:17:47: 921,"13-dec-24","02:05",   281,   200,  2.0, 0.0210,  .6312, 0.0210, 1.0125, 1.00, 50.682, 0.0210,  .3483, 0.0210, 1.4173, 1.00,123.878
2024/12/13 02:22:47: 921,"13-dec-24","02:10",   258,   231,  2.0, 0.0210,  .6307, 0.0210, 1.0124, 1.00, 50.770, 0.0210,  .3477, 0.0210, 1.4174, 1.00,124.065
2024/12/13 02:27:47: 921,"13-dec-24","02:15",   322,   183,  2.0, 0.0210,  .6300, 0.0210, 1.0124, 1.00, 50.880, 0.0210,  .3472, 0.0210, 1.4175, 1.00,124.213
2024/12/13 02:32:48: 921,"13-dec-24","02:20",   301,   262,  2.0, 0.0210,  .6294, 0.0210, 1.0124, 1.00, 50.982, 0.0210,  .3465, 0.0210, 1.4174, 1.00,124.425
2024/12/13 02:37:47: 921,"13-dec-24","02:25",   287,   251,  2.0, 0.0210,  .6288, 0.0210, 1.0124, 1.00, 51.080, 0.0210,  .3458, 0.0210, 1.4174, 1.00,124.628
2024/12/13 02:42:47: 921,"13-dec-24","02:30",   321,   260,  2.0, 0.0210,  .6281, 0.0210, 1.0124, 1.00, 51.189, 0.0210,  .3451, 0.0210, 1.4173, 1.00,124.838
2024/12/13 02:47:47: 921,"13-dec-24","02:35",   318,   268,  2.0, 0.0210,  .6274, 0.0210, 1.0123, 1.00, 51.297, 0.0210,  .3445, 0.0210, 1.4174, 1.00,125.055
2024/12/13 03:07:47: 921,"13-dec-24","02:55",   355,   395,  2.0, 0.0210, 1.0371, 0.0210, 1.0194, 1.00,   .120, 0.0210, 1.1505, 0.0210, 1.4168, 1.00,   .319
2024/12/13 03:12:48: 921,"13-dec-24","03:00",   314,   369,  2.0, 0.0210, 1.0357, 0.0210, 1.0191, 1.00,   .227, 0.0210, 1.1470, 0.0210, 1.4167, 1.00,   .618
2024/12/13 03:17:47: 921,"13-dec-24","03:05",   332,   375,  2.0, 0.0210, 1.0347, 0.0210, 1.0193, 1.00,   .340, 0.0210, 1.1438, 0.0210, 1.4169, 1.00,   .921
2024/12/13 03:22:47: 921,"13-dec-24","03:10",   313,   355,  2.0, 0.0210, 1.0338, 0.0210, 1.0194, 1.00,   .446, 0.0210, 1.1405, 0.0210, 1.4168, 1.00,  1.208
2024/12/13 03:27:47: 921,"13-dec-24","03:15",   306,   367,  2.0, 0.0210, 1.0329, 0.0210, 1.0196, 1.00,   .550, 0.0210, 1.1374, 0.0210, 1.4170, 1.00,  1.505
2024/12/13 03:32:48: 921,"13-dec-24","03:20",   344,   363,  2.0, 0.0210, 1.0319, 0.0210, 1.0198, 1.00,   .667, 0.0210, 1.1341, 0.0210, 1.4171, 1.00,  1.799
2024/12/13 03:37:47: 921,"13-dec-24","03:25",   246,   328,  2.0, 0.0210, 1.0313, 0.0210, 1.0200, 1.00,   .751, 0.0210, 1.1313, 0.0210, 1.4173, 1.00,  2.064
2024/12/13 03:42:47: 921,"13-dec-24","03:30",   271,   309,  2.0, 0.0210, 1.0305, 0.0210, 1.0201, 1.00,   .843, 0.0210, 1.1286, 0.0210, 1.4174, 1.00,  2.314
2024/12/13 03:47:48: 921,"13-dec-24","03:35",   242,   254,  2.0, 0.0210, 1.0297, 0.0210, 1.0202, 1.00,   .926, 0.0210, 1.1265, 0.0210, 1.4175, 1.00,  2.520
2024/12/13 03:52:48: 921,"13-dec-24","03:40",   152,   221,  2.0, 0.0210, 1.0292, 0.0210, 1.0202, 1.00,   .978, 0.0210, 1.1245, 0.0210, 1.4175, 1.00,  2.699
2024/12/13 03:57:47: 921,"13-dec-24","03:45",   202,   236,  2.0, 0.0210, 1.0286, 0.0210, 1.0203, 1.00,  1.046, 0.0210, 1.1223, 0.0210, 1.4175, 1.00,  2.891
2024/12/13 04:02:47: 921,"13-dec-24","03:50",   223,   252,  2.0, 0.0210, 1.0278, 0.0210, 1.0203, 1.00,  1.122, 0.0210, 1.1201, 0.0210, 1.4175, 1.00,  3.095
2024/12/13 04:07:47: 921,"13-dec-24","03:55",   231,   253,  2.0, 0.0210, 1.0270, 0.0210, 1.0203, 1.00,  1.201, 0.0210, 1.1179, 0.0210, 1.4175, 1.00,  3.299
2024/12/13 04:12:48: 921,"13-dec-24","04:00",   230,   269,  2.0, 0.0210, 1.0262, 0.0210, 1.0203, 1.00,  1.279, 0.0210, 1.1156, 0.0210, 1.4176, 1.00,  3.517
2024/12/13 04:17:47: 921,"13-dec-24","04:05",   254,   275,  2.0, 0.0210, 1.0255, 0.0210, 1.0204, 1.00,  1.366, 0.0210, 1.1132, 0.0210, 1.4177, 1.00,  3.740
2024/12/13 04:22:47: 921,"13-dec-24","04:10",   219,   286,  2.0, 0.0210, 1.0246, 0.0210, 1.0203, 1.00,  1.440, 0.0210, 1.1107, 0.0210, 1.4177, 1.00,  3.971
2024/12/13 04:27:47: 921,"13-dec-24","04:15",   276,   266,  2.0, 0.0210, 1.0238, 0.0210, 1.0203, 1.00,  1.534, 0.0210, 1.1084, 0.0210, 1.4177, 1.00,  4.187
2024/12/13 04:32:48: 921,"13-dec-24","04:20",   228,   279,  2.0, 0.0210, 1.0229, 0.0210, 1.0203, 1.00,  1.612, 0.0210, 1.1059, 0.0210, 1.4177, 1.00,  4.413
2024/12/13 04:37:47: 921,"13-dec-24","04:25",   260,   276,  2.0, 0.0210, 1.0221, 0.0210, 1.0203, 1.00,  1.700, 0.0210, 1.1035, 0.0210, 1.4177, 1.00,  4.636
2024/12/13 04:42:47: 921,"13-dec-24","04:30",   224,   255,  2.0, 0.0210, 1.0213, 0.0210, 1.0203, 1.00,  1.776, 0.0210, 1.1013, 0.0210, 1.4178, 1.00,  4.843
2024/12/13 04:47:48: 921,"13-dec-24","04:35",   245,   246,  2.0, 0.0210, 1.0205, 0.0210, 1.0203, 1.00,  1.860, 0.0210, 1.0992, 0.0210, 1.4179, 1.00,  5.042
2024/12/13 04:52:48: 921,"13-dec-24","04:40",   208,   249,  2.0, 0.0210, 1.0197, 0.0210, 1.0202, 1.00,  1.931, 0.0210, 1.0970, 0.0210, 1.4178, 1.00,  5.244
2024/12/13 04:57:47: 921,"13-dec-24","04:45",   210,   259,  2.0, 0.0210, 1.0190, 0.0210, 1.0203, 1.00,  2.002, 0.0210, 1.0946, 0.0210, 1.4177, 1.00,  5.453
2024/12/13 05:02:47: 921,"13-dec-24","04:50",   256,   267,  2.0, 0.0210, 1.0181, 0.0210, 1.0203, 1.00,  2.089, 0.0210, 1.0923, 0.0210, 1.4177, 1.00,  5.670
2024/12/13 05:07:47: 921,"13-dec-24","04:55",   253,   264,  2.0, 0.0210, 1.0172, 0.0210, 1.0202, 1.00,  2.176, 0.0210, 1.0901, 0.0210, 1.4177, 1.00,  5.884
2024/12/13 05:12:47: 921,"13-dec-24","05:00",   222,   254,  2.0, 0.0210, 1.0166, 0.0210, 1.0203, 1.00,  2.251, 0.0210, 1.0879, 0.0210, 1.4178, 1.00,  6.090
2024/12/13 05:17:47: 921,"13-dec-24","05:05",   231,   250,  2.0, 0.0210, 1.0158, 0.0210, 1.0203, 1.00,  2.330, 0.0210, 1.0859, 0.0210, 1.4179, 1.00,  6.292
2024/12/13 05:22:47: 921,"13-dec-24","05:10",   263,   257,  2.0, 0.0210, 1.0149, 0.0210, 1.0203, 1.00,  2.419, 0.0210, 1.0836, 0.0210, 1.4179, 1.00,  6.500
2024/12/13 05:27:48: 921,"13-dec-24","05:15",   189,   246,  2.0, 0.0210, 1.0141, 0.0210, 1.0202, 1.00,  2.484, 0.0210, 1.0816, 0.0210, 1.4180, 1.00,  6.699
2024/12/13 05:32:47: 921,"13-dec-24","05:20",   173,   221,  2.0, 0.0210, 1.0135, 0.0210, 1.0202, 1.00,  2.542, 0.0210, 1.0796, 0.0210, 1.4179, 1.00,  6.878
2024/12/13 05:37:47: 921,"13-dec-24","05:25",   255,   235,  2.0, 0.0210, 1.0127, 0.0210, 1.0202, 1.00,  2.629, 0.0210, 1.0776, 0.0210, 1.4180, 1.00,  7.069
2024/12/13 05:42:47: 921,"13-dec-24","05:30",   150,   214,  2.0, 0.0210, 1.0120, 0.0210, 1.0201, 1.00,  2.680, 0.0210, 1.0758, 0.0210, 1.4180, 1.00,  7.242
2024/12/13 05:47:48: 921,"13-dec-24","05:35",   176,   193,  2.0, 0.0210, 1.0114, 0.0210, 1.0200, 1.00,  2.740, 0.0210, 1.0742, 0.0210, 1.4180, 1.00,  7.399
2024/12/13 05:52:47: 921,"13-dec-24","05:40",   151,   175,  2.0, 0.0210, 1.0109, 0.0210, 1.0200, 1.00,  2.792, 0.0210, 1.0727, 0.0210, 1.4180, 1.00,  7.541
2024/12/13 05:57:47: 921,"13-dec-24","05:45",   118,   174,  2.0, 0.0210, 1.0104, 0.0210, 1.0200, 1.00,  2.832, 0.0210, 1.0712, 0.0210, 1.4180, 1.00,  7.681
2024/12/13 06:02:47: 921,"13-dec-24","05:50",   165,   169,  2.0, 0.0210, 1.0098, 0.0210, 1.0199, 1.00,  2.888, 0.0210, 1.0696, 0.0210, 1.4178, 1.00,  7.819
2024/12/13 06:07:48: 921,"13-dec-24","05:55",   153,   176,  2.0, 0.0210, 1.0093, 0.0210, 1.0199, 1.00,  2.940, 0.0210, 1.0682, 0.0210, 1.4179, 1.00,  7.961
2024/12/13 06:12:47: 921,"13-dec-24","06:00",   157,   202,  2.0, 0.0210, 1.0089, 0.0210, 1.0200, 1.00,  2.994, 0.0210, 1.0665, 0.0210, 1.4180, 1.00,  8.125
2024/12/13 06:17:47: 921,"13-dec-24","06:05",   177,   181,  2.0, 0.0210, 1.0083, 0.0210, 1.0200, 1.00,  3.054, 0.0210, 1.0650, 0.0210, 1.4180, 1.00,  8.272
2024/12/13 06:22:47: 921,"13-dec-24","06:10",   149,   202,  2.0, 0.0210, 1.0077, 0.0210, 1.0200, 1.00,  3.105, 0.0210, 1.0634, 0.0210, 1.4181, 1.00,  8.436
2024/12/13 06:27:48: 921,"13-dec-24","06:15",   167,   207,  2.0, 0.0210, 1.0072, 0.0210, 1.0199, 1.00,  3.162, 0.0210, 1.0617, 0.0210, 1.4181, 1.00,  8.604
2024/12/13 06:32:47: 921,"13-dec-24","06:20",   229,   221,  2.0, 0.0210, 1.0064, 0.0210, 1.0200, 1.00,  3.240, 0.0210, 1.0598, 0.0210, 1.4181, 1.00,  8.783
2024/12/13 06:37:47: 921,"13-dec-24","06:25",   186,   222,  2.0, 0.0210, 1.0058, 0.0210, 1.0199, 1.00,  3.303, 0.0210, 1.0580, 0.0210, 1.4182, 1.00,  8.962
2024/12/13 06:42:47: 921,"13-dec-24","06:30",   192,   231,  2.0, 0.0210, 1.0051, 0.0210, 1.0199, 1.00,  3.369, 0.0210, 1.0561, 0.0210, 1.4183, 1.00,  9.149
2024/12/13 06:47:48: 921,"13-dec-24","06:35",   247,   237,  2.0, 0.0210, 1.0042, 0.0210, 1.0198, 1.00,  3.453, 0.0210, 1.0541, 0.0210, 1.4182, 1.00,  9.342
2024/12/13 06:52:47: 921,"13-dec-24","06:40",   220,   260,  2.0, 0.0210, 1.0035, 0.0210, 1.0198, 1.00,  3.528, 0.0210, 1.0520, 0.0210, 1.4183, 1.00,  9.552
2024/12/13 06:57:47: 921,"13-dec-24","06:45",   230,   249,  2.0, 0.0210, 1.0026, 0.0210, 1.0197, 1.00,  3.606, 0.0210, 1.0497, 0.0210, 1.4180, 1.00,  9.753
2024/12/13 07:02:47: 921,"13-dec-24","06:50",   279,   271,  2.0, 0.0210, 1.0016, 0.0210, 1.0197, 1.00,  3.701, 0.0210, 1.0474, 0.0210, 1.4180, 1.00,  9.973
2024/12/13 07:07:48: 921,"13-dec-24","06:55",   231,   264,  2.0, 0.0210, 1.0009, 0.0210, 1.0197, 1.00,  3.779, 0.0210, 1.0454, 0.0210, 1.4182, 1.00, 10.186
2024/12/13 07:12:47: 921,"13-dec-24","07:00",   199,   242,  2.0, 0.0210, 1.0003, 0.0210, 1.0198, 1.00,  3.847, 0.0210, 1.0434, 0.0210, 1.4182, 1.00, 10.382
2024/12/13 07:17:47: 921,"13-dec-24","07:05",   230,   265,  2.0, 0.0210,  .9995, 0.0210, 1.0198, 1.00,  3.925, 0.0210, 1.0413, 0.0210, 1.4183, 1.00, 10.596
2024/12/13 07:22:47: 921,"13-dec-24","07:10",   271,   265,  2.0, 0.0210,  .9986, 0.0210, 1.0198, 1.00,  4.017, 0.0210, 1.0391, 0.0210, 1.4183, 1.00, 10.810
2024/12/13 07:27:48: 921,"13-dec-24","07:15",   236,   261,  2.0, 0.0210,  .9978, 0.0210, 1.0197, 1.00,  4.098, 0.0210, 1.0369, 0.0210, 1.4183, 1.00, 11.022
2024/12/13 07:32:47: 921,"13-dec-24","07:20",   262,   272,  2.0, 0.0210,  .9970, 0.0210, 1.0199, 1.00,  4.187, 0.0210, 1.0347, 0.0210, 1.4182, 1.00, 11.242
2024/12/13 07:37:47: 921,"13-dec-24","07:25",   244,   276,  2.0, 0.0210,  .9962, 0.0210, 1.0199, 1.00,  4.270, 0.0210, 1.0325, 0.0210, 1.4184, 1.00, 11.465
2024/12/13 07:42:47: 921,"13-dec-24","07:30",   246,   271,  2.0, 0.0210,  .9953, 0.0210, 1.0198, 1.00,  4.354, 0.0210, 1.0303, 0.0210, 1.4184, 1.00, 11.685
2024/12/13 07:47:48: 921,"13-dec-24","07:35",   246,   277,  2.0, 0.0210,  .9944, 0.0210, 1.0197, 1.00,  4.438, 0.0210, 1.0280, 0.0210, 1.4183, 1.00, 11.909
2024/12/13 07:52:47: 921,"13-dec-24","07:40",   258,   271,  2.0, 0.0210,  .9936, 0.0210, 1.0198, 1.00,  4.526, 0.0210, 1.0258, 0.0210, 1.4183, 1.00, 12.129
2024/12/13 07:57:47: 921,"13-dec-24","07:45",   243,   265,  2.0, 0.0210,  .9928, 0.0210, 1.0197, 1.00,  4.608, 0.0210, 1.0236, 0.0210, 1.4183, 1.00, 12.343
2024/12/13 08:02:47: 921,"13-dec-24","07:50",   243,   254,  2.0, 0.0210,  .9919, 0.0210, 1.0196, 1.00,  4.691, 0.0210, 1.0215, 0.0210, 1.4183, 1.00, 12.549
2024/12/13 08:07:47: 921,"13-dec-24","07:55",   218,   254,  2.0, 0.0210,  .9913, 0.0210, 1.0198, 1.00,  4.765, 0.0210, 1.0195, 0.0210, 1.4183, 1.00, 12.754
2024/12/13 08:12:47: 921,"13-dec-24","08:00",   217,   256,  2.0, 0.0210,  .9906, 0.0210, 1.0198, 1.00,  4.839, 0.0210, 1.0175, 0.0210, 1.4184, 1.00, 12.962
2024/12/13 08:17:47: 921,"13-dec-24","08:05",   271,   299,  2.0, 0.0210,  .9897, 0.0210, 1.0198, 1.00,  4.931, 0.0210, 1.0151, 0.0210, 1.4184, 1.00, 13.203
2024/12/13 08:22:48: 921,"13-dec-24","08:10",   341,   318,  2.0, 0.0210,  .9886, 0.0210, 1.0198, 1.00,  5.047, 0.0210, 1.0125, 0.0210, 1.4184, 1.00, 13.461
2024/12/13 08:27:47: 921,"13-dec-24","08:15",   268,   305,  2.0, 0.0210,  .9878, 0.0210, 1.0198, 1.00,  5.138, 0.0210, 1.0100, 0.0210, 1.4183, 1.00, 13.708
2024/12/13 08:32:47: 921,"13-dec-24","08:20",   280,   282,  2.0, 0.0210,  .9869, 0.0210, 1.0199, 1.00,  5.233, 0.0210, 1.0078, 0.0210, 1.4184, 1.00, 13.936
2024/12/13 08:37:47: 921,"13-dec-24","08:25",   240,   285,  2.0, 0.0210,  .9861, 0.0210, 1.0199, 1.00,  5.315, 0.0210, 1.0056, 0.0210, 1.4184, 1.00, 14.167
2024/12/13 08:42:47: 921,"13-dec-24","08:30",   245,   298,  2.0, 0.0210,  .9853, 0.0210, 1.0199, 1.00,  5.399, 0.0210, 1.0032, 0.0210, 1.4185, 1.00, 14.408
2024/12/13 08:47:47: 921,"13-dec-24","08:35",   278,   302,  2.0, 0.0210,  .9845, 0.0210, 1.0200, 1.00,  5.493, 0.0210, 1.0009, 0.0210, 1.4186, 1.00, 14.653
2024/12/13 08:52:47: 921,"13-dec-24","08:40",   253,   300,  2.0, 0.0210,  .9835, 0.0210, 1.0198, 1.00,  5.579, 0.0210,  .9985, 0.0210, 1.4185, 1.00, 14.896
2024/12/13 08:57:47: 921,"13-dec-24","08:45",   243,   289,  2.0, 0.0210,  .9827, 0.0210, 1.0198, 1.00,  5.662, 0.0210,  .9961, 0.0210, 1.4184, 1.00, 15.130
2024/12/13 09:02:48: 921,"13-dec-24","08:50",   281,   308,  2.0, 0.0210,  .9817, 0.0210, 1.0198, 1.00,  5.757, 0.0210,  .9937, 0.0210, 1.4184, 1.00, 15.379
2024/12/13 09:07:47: 921,"13-dec-24","08:55",   232,   311,  2.0, 0.0210,  .9810, 0.0210, 1.0198, 1.00,  5.836, 0.0210,  .9912, 0.0210, 1.4184, 1.00, 15.631
2024/12/13 09:12:47: 921,"13-dec-24","09:00",   306,   313,  2.0, 0.0210,  .9801, 0.0210, 1.0199, 1.00,  5.940, 0.0210,  .9888, 0.0210, 1.4184, 1.00, 15.884
2024/12/13 09:17:47: 921,"13-dec-24","09:05",   298,   344,  2.0, 0.0210,  .9791, 0.0210, 1.0199, 1.00,  6.041, 0.0210,  .9861, 0.0210, 1.4184, 1.00, 16.162
2024/12/13 09:22:48: 921,"13-dec-24","09:10",   320,   387,  2.0, 0.0210,  .9780, 0.0210, 1.0199, 1.00,  6.150, 0.0210,  .9831, 0.0210, 1.4185, 1.00, 16.476
2024/12/13 09:27:47: 921,"13-dec-24","09:15",   342,   404,  2.0, 0.0210,  .9770, 0.0210, 1.0199, 1.00,  6.267, 0.0210,  .9800, 0.0210, 1.4185, 1.00, 16.803
2024/12/13 09:32:47: 921,"13-dec-24","09:20",   405,   475,  2.0, 0.0210,  .9757, 0.0210, 1.0199, 1.00,  6.404, 0.0210,  .9763, 0.0210, 1.4185, 1.00, 17.187
2024/12/13 09:37:47: 921,"13-dec-24","09:25",   501,   592,  2.0, 0.0210,  .9741, 0.0210, 1.0199, 1.00,  6.575, 0.0210,  .9718, 0.0210, 1.4186, 1.00, 17.666
2024/12/13 09:42:48: 921,"13-dec-24","09:30",   414,   549,  2.0, 0.0210,  .9726, 0.0210, 1.0198, 1.00,  6.716, 0.0210,  .9676, 0.0210, 1.4185, 1.00, 18.111
2024/12/13 09:47:47: 921,"13-dec-24","09:35",   472,   552,  2.0, 0.0210,  .9712, 0.0210, 1.0199, 1.00,  6.876, 0.0210,  .9633, 0.0210, 1.4185, 1.00, 18.557
2024/12/13 09:52:47: 921,"13-dec-24","09:40",   415,   552,  2.0, 0.0210,  .9699, 0.0210, 1.0199, 1.00,  7.017, 0.0210,  .9591, 0.0210, 1.4185, 1.00, 19.004
2024/12/13 09:57:47: 921,"13-dec-24","09:45",   426,   542,  2.0, 0.0210,  .9685, 0.0210, 1.0199, 1.00,  7.162, 0.0210,  .9550, 0.0210, 1.4184, 1.00, 19.442
2024/12/13 10:02:48: 921,"13-dec-24","09:50",   494,   571,  2.0, 0.0210,  .9670, 0.0210, 1.0200, 1.00,  7.330, 0.0210,  .9506, 0.0210, 1.4183, 1.00, 19.904
2024/12/13 10:07:47: 921,"13-dec-24","09:55",   411,   530,  2.0, 0.0210,  .9657, 0.0210, 1.0201, 1.00,  7.470, 0.0210,  .9467, 0.0210, 1.4185, 1.00, 20.333
2024/12/13 10:12:47: 921,"13-dec-24","10:00",   447,   634,  2.0, 0.0210,  .9644, 0.0210, 1.0202, 1.00,  7.621, 0.0210,  .9420, 0.0210, 1.4185, 1.00, 20.846
2024/12/13 10:17:47: 921,"13-dec-24","10:05",  1110,  1491,  2.0, 0.0210,  .9609, 0.0210, 1.0203, 1.00,  7.999, 0.0210,  .9310, 0.0210, 1.4185, 1.00, 22.052
2024/12/13 10:22:48: 921,"13-dec-24","10:10",   976,  1196,  2.0, 0.0210,  .9578, 0.0210, 1.0203, 1.00,  8.330, 0.0210,  .9222, 0.0210, 1.4185, 1.00, 23.018
2024/12/13 10:27:47: 921,"13-dec-24","10:15",   491,   604,  2.0, 0.0210,  .9563, 0.0210, 1.0204, 1.00,  8.497, 0.0210,  .9179, 0.0210, 1.4186, 1.00, 23.507
2024/12/13 10:32:47: 921,"13-dec-24","10:20",   482,   559,  2.0, 0.0210,  .9548, 0.0210, 1.0204, 1.00,  8.661, 0.0210,  .9138, 0.0210, 1.4186, 1.00, 23.959
2024/12/13 10:37:47: 921,"13-dec-24","10:25",   486,   574,  2.0, 0.0210,  .9533, 0.0210, 1.0204, 1.00,  8.827, 0.0210,  .9096, 0.0210, 1.4185, 1.00, 24.424
2024/12/13 10:42:48: 921,"13-dec-24","10:30",   482,   580,  2.0, 0.0210,  .9517, 0.0210, 1.0204, 1.00,  8.990, 0.0210,  .9055, 0.0210, 1.4185, 1.00, 24.893
2024/12/13 10:47:47: 921,"13-dec-24","10:35",   471,   573,  2.0, 0.0210,  .9503, 0.0210, 1.0204, 1.00,  9.151, 0.0210,  .9015, 0.0210, 1.4186, 1.00, 25.356
2024/12/13 10:52:47: 921,"13-dec-24","10:40",   469,   564,  2.0, 0.0210,  .9488, 0.0210, 1.0204, 1.00,  9.310, 0.0210,  .8974, 0.0210, 1.4185, 1.00, 25.813
2024/12/13 10:57:48: 921,"13-dec-24","10:45",   478,   576,  2.0, 0.0210,  .9472, 0.0210, 1.0203, 1.00,  9.473, 0.0210,  .8932, 0.0210, 1.4183, 1.00, 26.279
2024/12/13 11:02:47: 921,"13-dec-24","10:50",   508,   602,  2.0, 0.0210,  .9457, 0.0210, 1.0204, 1.00,  9.646, 0.0210,  .8889, 0.0210, 1.4183, 1.00, 26.766
2024/12/13 11:07:47: 921,"13-dec-24","10:55",   526,   618,  2.0, 0.0210,  .9440, 0.0210, 1.0204, 1.00,  9.824, 0.0210,  .8846, 0.0210, 1.4183, 1.00, 27.265
2024/12/13 11:12:47: 921,"13-dec-24","11:00",   477,   605,  2.0, 0.0210,  .9426, 0.0210, 1.0204, 1.00,  9.987, 0.0210,  .8805, 0.0210, 1.4184, 1.00, 27.755
2024/12/13 11:17:48: 921,"13-dec-24","11:05",   480,   597,  2.0, 0.0210,  .9410, 0.0210, 1.0204, 1.00, 10.150, 0.0210,  .8763, 0.0210, 1.4184, 1.00, 28.238
2024/12/13 11:22:47: 921,"13-dec-24","11:10",   496,   616,  2.0, 0.0210,  .9396, 0.0210, 1.0205, 1.00, 10.318, 0.0210,  .8721, 0.0210, 1.4185, 1.00, 28.736
2024/12/13 11:27:47: 921,"13-dec-24","11:15",   547,   678,  2.0, 0.0210,  .9378, 0.0210, 1.0204, 1.00, 10.505, 0.0210,  .8674, 0.0210, 1.4184, 1.00, 29.284
2024/12/13 11:32:47: 921,"13-dec-24","11:20",   490,   608,  2.0, 0.0210,  .9363, 0.0210, 1.0204, 1.00, 10.671, 0.0210,  .8634, 0.0210, 1.4186, 1.00, 29.775
2024/12/13 11:37:48: 921,"13-dec-24","11:25",   471,   604,  2.0, 0.0210,  .9348, 0.0210, 1.0204, 1.00, 10.831, 0.0210,  .8593, 0.0210, 1.4186, 1.00, 30.264
2024/12/13 11:42:47: 921,"13-dec-24","11:30",   460,   599,  2.0, 0.0210,  .9334, 0.0210, 1.0205, 1.00, 10.988, 0.0210,  .8552, 0.0210, 1.4186, 1.00, 30.749
2024/12/13 11:47:47: 921,"13-dec-24","11:35",   464,   580,  2.0, 0.0210,  .9319, 0.0210, 1.0203, 1.00, 11.145, 0.0210,  .8513, 0.0210, 1.4185, 1.00, 31.218
2024/12/13 11:52:47: 921,"13-dec-24","11:40",   468,   614,  2.0, 0.0210,  .9304, 0.0210, 1.0203, 1.00, 11.305, 0.0210,  .8471, 0.0210, 1.4185, 1.00, 31.714
2024/12/13 11:57:48: 921,"13-dec-24","11:45",   507,   615,  2.0, 0.0210,  .9288, 0.0210, 1.0202, 1.00, 11.477, 0.0210,  .8430, 0.0210, 1.4184, 1.00, 32.212
2024/12/13 12:02:47: 921,"13-dec-24","11:50",   552,   618,  2.0, 0.0210,  .9271, 0.0210, 1.0203, 1.00, 11.664, 0.0210,  .8389, 0.0210, 1.4184, 1.00, 32.712
2024/12/13 12:07:47: 921,"13-dec-24","11:55",   495,   600,  2.0, 0.0210,  .9256, 0.0210, 1.0203, 1.00, 11.833, 0.0210,  .8349, 0.0210, 1.4183, 1.00, 33.197
2024/12/13 12:12:47: 921,"13-dec-24","12:00",   547,   624,  2.0, 0.0210,  .9239, 0.0210, 1.0203, 1.00, 12.019, 0.0210,  .8308, 0.0210, 1.4183, 1.00, 33.702
2024/12/13 12:17:48: 921,"13-dec-24","12:05",   608,   642,  2.0, 0.0210,  .9221, 0.0210, 1.0203, 1.00, 12.225, 0.0210,  .8266, 0.0210, 1.4184, 1.00, 34.221
2024/12/13 12:22:47: 921,"13-dec-24","12:10",   563,   594,  2.0, 0.0210,  .9204, 0.0210, 1.0204, 1.00, 12.417, 0.0210,  .8228, 0.0210, 1.4184, 1.00, 34.702
2024/12/13 12:27:47: 921,"13-dec-24","12:15",   551,   567,  2.0, 0.0210,  .9187, 0.0210, 1.0204, 1.00, 12.604, 0.0210,  .8191, 0.0210, 1.4185, 1.00, 35.160
2024/12/13 12:32:47: 921,"13-dec-24","12:20",   513,   578,  2.0, 0.0210,  .9170, 0.0210, 1.0203, 1.00, 12.778, 0.0210,  .8154, 0.0210, 1.4185, 1.00, 35.628
2024/12/13 12:37:48: 921,"13-dec-24","12:25",   577,   593,  2.0, 0.0210,  .9153, 0.0210, 1.0203, 1.00, 12.974, 0.0210,  .8116, 0.0210, 1.4184, 1.00, 36.108
2024/12/13 12:42:47: 921,"13-dec-24","12:30",   537,   585,  2.0, 0.0210,  .9136, 0.0210, 1.0202, 1.00, 13.157, 0.0210,  .8079, 0.0210, 1.4184, 1.00, 36.581
2024/12/13 12:47:47: 921,"13-dec-24","12:35",   597,   607,  2.0, 0.0210,  .9118, 0.0210, 1.0202, 1.00, 13.359, 0.0210,  .8040, 0.0210, 1.4184, 1.00, 37.071
2024/12/13 12:52:48: 921,"13-dec-24","12:40",   573,   623,  2.0, 0.0210,  .9099, 0.0210, 1.0201, 1.00, 13.554, 0.0210,  .8000, 0.0210, 1.4183, 1.00, 37.575
2024/12/13 12:57:48: 921,"13-dec-24","12:45",   620,   638,  2.0, 0.0210,  .9080, 0.0210, 1.0200, 1.00, 13.765, 0.0210,  .7959, 0.0210, 1.4182, 1.00, 38.091
2024/12/13 13:02:47: 921,"13-dec-24","12:50",   609,   634,  2.0, 0.0210,  .9062, 0.0210, 1.0200, 1.00, 13.972, 0.0210,  .7919, 0.0210, 1.4182, 1.00, 38.604
2024/12/13 13:07:47: 921,"13-dec-24","12:55",   587,   615,  2.0, 0.0210,  .9044, 0.0210, 1.0200, 1.00, 14.171, 0.0210,  .7881, 0.0210, 1.4182, 1.00, 39.102
2024/12/13 13:12:47: 921,"13-dec-24","13:00",   626,   631,  2.0, 0.0210,  .9026, 0.0210, 1.0200, 1.00, 14.384, 0.0210,  .7842, 0.0210, 1.4182, 1.00, 39.612
2024/12/13 13:17:48: 921,"13-dec-24","13:05",   627,   645,  2.0, 0.0210,  .9007, 0.0210, 1.0200, 1.00, 14.597, 0.0210,  .7802, 0.0210, 1.4181, 1.00, 40.134
