2024-12-12,14,3.884,3.790,3.955,3.893,3.810,3.958,3.955,3.885,4.036,3.951,3.884,4.006,3.782,3.626,3.883,3.870,97.853,26.943,0.380,334.445,338.675,23.818,27.230,0.000,331.462,0.000,6586.875,0.000,-999.000,-999.000,103.123,0.200,0.200,0.452,0.930,347.062,0.421,0.990,344.294,0.322,5.723,5.693,5.756,6.262,6.245,6.283,6.767,6.753,6.784,-999.000,-999.000,-999.000,10.761,12.048,5.231,5.194,5.263,-999.000,-999.000,-999.000,-999.000,-999.000,-999.000,7.395,7.376,7.412,-3.182,-3.439,-3.006,5.864,0.695,0.691,0.695,0.739,0.702,0.703,0.687,0.738,0.559,,,,,,,,
2024-12-12,15,3.972,3.873,4.035,3.970,3.873,4.021,3.998,3.752,4.043,3.987,3.759,4.063,3.564,3.445,3.686,3.977,97.083,8.448,0.000,333.733,336.453,11.590,8.508,0.000,330.747,0.000,7068.400,0.000,-999.000,-999.000,103.115,0.200,0.200,0.642,2.110,171.868,0.539,1.480,174.305,0.322,5.787,5.733,5.820,6.269,6.256,6.289,6.754,6.731,6.774,-999.000,-999.000,-999.000,10.758,12.062,5.037,4.901,5.204,-999.000,-999.000,-999.000,-999.000,-999.000,-999.000,7.394,7.360,7.413,-2.805,-3.223,-2.631,1.354,0.695,0.691,0.695,0.739,0.702,0.704,0.687,0.738,0.559,,,,,,,,
2024-12-12,16,3.876,3.751,3.988,3.898,3.744,3.995,3.960,3.806,4.076,3.970,3.795,4.126,3.305,3.202,3.442,4.104,93.438,0.486,0.000,332.803,334.883,4.661,0.818,0.000,328.618,0.000,7676.950,0.000,-999.000,-999.000,103.097,0.200,0.200,2.179,4.410,31.813,1.637,4.020,29.917,0.322,5.815,5.796,5.837,6.252,6.217,6.290,6.716,6.688,6.741,-999.000,-999.000,-999.000,10.781,12.071,4.742,4.565,4.908,-999.000,-999.000,-999.000,-999.000,-999.000,-999.000,7.363,7.321,7.393,-2.525,-3.004,-2.410,-2.930,0.695,0.691,0.695,0.739,0.702,0.704,0.687,0.738,0.559,,,,,,,,
2024-12-12,17,3.771,3.626,3.936,3.821,3.669,3.960,3.930,3.817,4.092,3.982,3.838,4.155,3.094,2.951,3.238,3.919,93.972,0.000,0.000,331.830,333.727,3.587,0.000,0.000,326.455,0.000,7624.917,0.000,-999.000,-999.000,103.094,0.200,0.200,2.792,4.580,40.002,2.075,4.020,39.311,0.322,5.867,5.817,5.891,6.284,6.268,6.301,6.735,6.703,6.756,-999.000,-999.000,-999.000,10.784,12.093,4.449,4.354,4.571,-999.000,-999.000,-999.000,-999.000,-999.000,-999.000,7.367,7.327,7.405,-2.464,-2.874,-2.435,-5.388,0.695,0.691,0.695,0.739,0.702,0.704,0.687,0.738,0.559,,,,,,,,
2024-12-12,18,3.577,3.494,3.676,3.605,3.508,3.696,3.768,3.677,3.851,3.776,3.696,3.856,2.889,2.774,2.995,3.696,93.668,0.000,0.000,330.793,332.685,3.532,0.000,0.000,325.712,0.000,7696.733,0.000,-999.000,-999.000,103.096,0.200,0.200,2.899,5.890,59.669,2.206,5.060,59.317,0.323,5.876,5.861,5.891,6.279,6.265,6.295,6.709,6.690,6.730,-999.000,-999.000,-999.000,10.787,12.079,4.277,4.174,4.361,-999.000,-999.000,-999.000,-999.000,-999.000,-999.000,7.341,7.303,7.379,-2.542,-2.849,-2.630,-6.579,0.695,0.690,0.695,0.739,0.702,0.704,0.687,0.738,0.559,,,,,,,,
2024-12-12,19,3.426,3.310,3.541,3.423,3.330,3.527,3.587,3.458,3.732,3.585,3.460,3.723,2.640,2.474,2.777,3.501,92.752,0.000,0.000,329.472,331.555,3.465,0.000,0.000,324.278,0.000,7695.933,0.000,-999.000,-999.000,103.112,0.200,0.200,3.053,5.650,87.042,2.311,4.900,87.856,0.323,5.899,5.861,5.928,6.305,6.272,6.349,6.739,6.717,6.761,-999.000,-999.000,-999.000,10.765,12.051,4.081,3.963,4.170,-999.000,-999.000,-999.000,-999.000,-999.000,-999.000,7.349,7.310,7.387,-2.675,-2.912,-2.887,-7.520,0.695,0.690,0.695,0.739,0.702,0.704,0.687,0.738,0.559,,,,,,,,
2024-12-12,20,3.407,3.346,3.455,3.425,3.383,3.465,3.577,3.536,3.623,3.569,3.501,3.632,2.539,2.484,2.576,3.458,92.908,0.000,0.000,328.833,331.298,2.790,0.000,0.000,323.792,0.000,7739.200,0.000,-999.000,-999.000,103.116,0.200,0.200,2.594,4.430,69.568,1.995,3.770,69.312,0.323,5.915,5.896,5.932,6.337,6.326,6.353,6.742,6.728,6.755,-999.000,-999.000,-999.000,10.752,12.046,3.907,3.864,3.963,-999.000,-999.000,-999.000,-999.000,-999.000,-999.000,7.356,7.325,7.391,-2.811,-3.036,-3.136,-8.194,0.695,0.691,0.695,0.739,0.702,0.704,0.687,0.738,0.559,,,,,,,,
2024-12-12,21,3.379,3.336,3.435,3.391,3.356,3.436,3.484,3.433,3.539,3.473,3.413,3.529,2.542,2.504,2.576,3.396,93.710,0.000,0.000,329.023,331.298,3.067,0.000,0.000,323.828,0.000,7609.183,0.000,-999.000,-999.000,103.104,0.200,0.200,2.971,4.680,57.516,2.264,4.110,57.720,0.323,5.904,5.876,5.926,6.341,6.330,6.353,6.737,6.725,6.748,-999.000,-999.000,-999.000,10.749,12.043,3.819,3.784,3.860,-999.000,-999.000,-999.000,-999.000,-999.000,-999.000,7.347,7.315,7.378,-2.959,-3.205,-3.355,-7.943,0.695,0.691,0.695,0.739,0.702,0.704,0.687,0.738,0.559,,,,,,,,
2024-12-12,22,3.334,3.234,3.389,3.348,3.254,3.406,3.453,3.398,3.513,3.437,3.372,3.509,2.472,2.362,2.537,3.362,92.700,0.000,0.000,328.575,330.882,3.193,0.019,0.000,323.858,0.000,7797.533,0.000,-999.000,-999.000,103.088,0.200,0.200,3.336,5.100,71.069,2.611,4.480,71.309,0.323,5.889,5.866,5.902,6.342,6.326,6.359,6.736,6.722,6.752,-999.000,-999.000,-999.000,10.748,12.046,3.741,3.692,3.791,-999.000,-999.000,-999.000,-999.000,-999.000,-999.000,7.338,7.318,7.364,-3.109,-3.372,-3.543,-7.947,0.695,0.691,0.695,0.739,0.702,0.704,0.687,0.738,0.559,,,,,,,,
2024-12-12,23,3.256,3.158,3.313,3.269,3.195,3.323,3.416,3.318,3.481,3.406,3.303,3.456,2.315,2.230,2.358,3.312,90.133,0.000,0.000,325.457,329.998,1.097,0.220,0.000,322.700,0.000,7658.283,0.000,-999.000,-999.000,103.080,0.200,0.200,3.693,7.220,100.001,2.824,5.900,100.016,0.323,5.873,5.860,5.896,6.341,6.330,6.356,6.732,6.719,6.745,-999.000,-999.000,-999.000,10.746,12.054,3.621,3.550,3.686,-999.000,-999.000,-999.000,-999.000,-999.000,-999.000,7.329,7.292,7.355,-3.249,-3.517,-3.729,-8.540,0.695,0.691,0.695,0.739,0.702,0.704,0.687,0.738,0.559,,,,,,,,
2024-12-12,24,3.218,3.158,3.280,3.227,3.171,3.280,3.332,3.251,3.415,3.334,3.248,3.386,2.270,2.210,2.332,3.232,90.095,0.000,0.000,324.722,329.737,0.558,0.107,0.000,322.453,0.000,7799.150,0.000,-999.000,-999.000,103.078,0.200,0.200,3.172,5.550,96.320,2.477,5.010,96.136,0.323,5.852,5.833,5.866,6.334,6.313,6.349,6.726,6.705,6.738,-999.000,-999.000,-999.000,10.746,12.075,3.506,3.481,3.554,-999.000,-999.000,-999.000,-999.000,-999.000,-999.000,7.313,7.285,7.338,-3.382,-3.663,-3.909,-8.994,0.695,0.691,0.695,0.739,0.702,0.704,0.687,0.738,0.559,,,,,,,,
2024-12-13,01,3.141,2.983,3.217,3.151,3.000,3.241,3.221,3.026,3.330,3.221,3.044,3.303,2.215,2.075,2.306,3.131,90.093,0.000,0.000,323.983,329.257,0.460,0.038,0.000,322.342,0.000,7778.183,0.000,-999.000,-999.000,103.038,0.200,0.200,3.322,5.740,118.937,2.598,5.150,120.153,0.322,5.827,5.803,5.843,6.329,6.313,6.339,6.721,6.705,6.732,-999.000,-999.000,-999.000,10.745,12.075,3.443,3.376,3.488,-999.000,-999.000,-999.000,-999.000,-999.000,-999.000,7.307,7.282,7.332,-3.526,-3.826,-4.066,-8.930,0.695,0.691,0.695,0.739,0.702,0.704,0.687,0.738,0.559,,,,,,,,
2024-12-13,02,2.975,2.901,3.030,2.970,2.871,3.023,3.022,2.895,3.115,3.014,2.898,3.101,2.125,2.082,2.174,2.911,91.288,0.000,0.000,323.773,328.537,0.876,0.011,0.000,321.483,0.000,7609.167,0.000,-999.000,-999.000,103.005,0.200,0.200,3.831,5.830,106.522,2.918,5.210,107.380,0.322,5.786,5.754,5.817,6.314,6.300,6.336,6.709,6.695,6.722,-999.000,-999.000,-999.000,10.775,12.069,3.358,3.324,3.393,-999.000,-999.000,-999.000,-999.000,-999.000,-999.000,7.286,7.256,7.325,-3.666,-3.981,-4.190,-9.594,0.695,0.691,0.695,0.739,0.702,0.704,0.687,0.738,0.559,,,,,,,,
2024-12-13,03,2.754,2.660,2.917,2.726,2.634,2.904,2.703,2.581,2.921,2.693,2.576,2.906,1.986,1.917,2.125,2.587,94.590,0.000,0.000,323.917,328.035,1.495,0.000,0.000,321.455,0.000,7350.217,0.000,-999.000,-999.000,102.996,0.200,0.200,3.558,5.260,91.997,2.835,4.770,92.119,0.322,5.737,5.714,5.770,6.291,6.270,6.310,6.701,6.685,6.719,-999.000,-999.000,-999.000,10.764,12.050,3.287,3.245,3.337,-999.000,-999.000,-999.000,-999.000,-999.000,-999.000,7.261,7.223,7.289,-3.820,-4.124,-4.315,-9.372,0.695,0.691,0.695,0.739,0.702,0.703,0.687,0.738,0.559,,,,,,,,
2024-12-13,04,2.550,2.323,2.653,2.544,2.337,2.640,2.494,2.263,2.603,2.498,2.261,2.603,1.832,1.597,1.934,2.435,95.392,0.000,0.000,323.612,327.608,1.507,0.000,0.000,320.632,0.000,7334.000,0.000,-999.000,-999.000,102.968,0.200,0.200,3.429,6.100,108.809,2.852,5.870,109.548,0.322,5.710,5.688,5.728,6.308,6.287,6.321,6.722,6.703,6.740,-999.000,-999.000,-999.000,10.746,12.050,3.208,3.119,3.248,-999.000,-999.000,-999.000,-999.000,-999.000,-999.000,7.266,7.236,7.300,-3.973,-4.271,-4.435,-9.279,0.694,0.691,0.694,0.739,0.701,0.703,0.687,0.738,0.559,,,,,,,,
2024-12-13,05,2.357,2.307,2.412,2.368,2.320,2.429,2.360,2.295,2.425,2.358,2.285,2.403,1.674,1.604,1.759,2.294,95.503,0.000,0.000,322.797,326.978,1.297,0.000,0.000,320.312,0.000,7426.650,0.000,-999.000,-999.000,102.925,0.200,0.200,3.645,6.400,113.155,2.825,5.750,114.089,0.322,5.716,5.683,5.742,6.304,6.292,6.322,6.722,6.707,6.747,-999.000,-999.000,-999.000,10.758,12.059,3.075,3.024,3.113,-999.000,-999.000,-999.000,-999.000,-999.000,-999.000,7.290,7.264,7.314,-4.098,-4.411,-4.548,-10.003,0.694,0.691,0.694,0.739,0.701,0.703,0.687,0.738,0.559,,,,,,,,
2024-12-13,06,2.242,2.003,2.386,2.256,2.043,2.373,2.283,2.066,2.375,2.291,2.095,2.396,1.528,1.254,1.663,2.249,93.540,0.000,0.000,321.203,326.108,0.433,0.000,0.000,318.688,0.000,7626.567,0.000,-999.000,-999.000,102.904,0.200,0.200,4.478,7.300,110.718,3.529,6.730,110.841,0.322,5.671,5.637,5.709,6.286,6.256,6.312,6.704,6.681,6.724,-999.000,-999.000,-999.000,10.753,12.070,2.966,2.889,3.034,-999.000,-999.000,-999.000,-999.000,-999.000,-999.000,7.276,7.241,7.304,-4.219,-4.540,-4.663,-10.410,0.694,0.691,0.694,0.739,0.701,0.703,0.687,0.738,0.558,,,,,,,,
2024-12-13,07,1.953,1.857,2.055,1.962,1.851,2.089,2.044,1.902,2.175,2.038,1.887,2.167,1.216,1.139,1.321,1.947,92.413,0.000,0.000,319.473,324.560,0.212,0.000,0.000,316.965,0.000,7764.933,0.000,-999.000,-999.000,102.891,0.200,0.200,4.523,6.740,111.013,3.534,6.130,112.218,0.323,5.618,5.584,5.647,6.261,6.243,6.279,6.689,6.674,6.704,-999.000,-999.000,-999.000,10.760,12.055,2.798,2.721,2.902,-999.000,-999.000,-999.000,-999.000,-999.000,-999.000,7.252,7.215,7.288,-4.357,-4.671,-4.786,-11.921,0.694,0.691,0.694,0.739,0.701,0.703,0.687,0.738,0.558,,,,,,,,
2024-12-13,08,1.760,1.696,1.831,1.760,1.699,1.841,1.861,1.811,1.915,1.863,1.824,1.902,1.002,0.961,1.120,1.798,90.123,0.669,0.000,317.643,323.583,0.077,0.904,0.000,315.430,0.000,7809.767,0.000,-999.000,-999.000,102.897,0.200,0.200,4.456,7.220,104.854,3.453,6.380,105.335,0.323,5.579,5.548,5.597,6.244,6.213,6.267,6.701,6.682,6.722,-999.000,-999.000,-999.000,10.745,12.034,2.640,2.556,2.741,-999.000,-999.000,-999.000,-999.000,-999.000,-999.000,7.246,7.208,7.279,-4.530,-4.823,-4.948,-12.705,0.694,0.691,0.694,0.739,0.701,0.703,0.687,0.737,0.558,,,,,,,,
2024-12-13,09,1.774,1.692,1.894,1.768,1.690,1.875,1.826,1.687,1.938,1.826,1.686,1.926,0.987,0.922,1.047,1.741,87.705,10.681,0.000,316.105,323.187,6.468,10.758,0.000,314.083,0.000,7926.383,0.000,-999.000,-999.000,102.887,0.200,0.200,4.427,6.870,127.691,3.486,6.770,128.265,0.324,5.550,5.519,5.595,6.245,6.213,6.273,6.703,6.679,6.722,-999.000,-999.000,-999.000,10.736,12.025,2.521,2.493,2.553,-999.000,-999.000,-999.000,-999.000,-999.000,-999.000,7.264,7.226,7.289,-4.734,-5.006,-5.140,-12.550,0.694,0.690,0.694,0.739,0.701,0.703,0.686,0.738,0.558,,,,,,,,
2024-12-13,10,1.677,1.511,1.844,1.672,1.498,1.841,1.733,1.531,1.916,1.727,1.536,1.899,1.026,0.918,1.163,1.630,86.558,23.000,0.480,315.187,323.467,14.592,23.015,0.000,313.593,0.000,7812.517,0.000,-999.000,-999.000,102.905,0.200,0.200,3.842,6.360,137.705,2.981,5.400,139.697,0.324,5.497,5.452,5.539,6.232,6.203,6.260,6.698,6.679,6.713,-999.000,-999.000,-999.000,10.736,12.025,2.537,2.490,2.586,-999.000,-999.000,-999.000,-999.000,-999.000,-999.000,7.257,7.229,7.283,-4.935,-5.206,-5.322,-10.779,0.694,0.690,0.694,0.739,0.701,0.703,0.686,0.737,0.558,,,,,,,,
2024-12-13,11,1.271,1.052,1.540,1.263,1.016,1.541,1.294,1.033,1.603,1.287,1.022,1.594,0.825,0.717,0.988,1.193,86.418,36.409,3.546,313.557,322.702,23.718,36.401,0.000,311.880,0.000,7908.750,0.000,-999.000,-999.000,102.884,0.200,0.200,3.945,6.220,148.064,3.154,5.420,147.057,0.325,5.449,5.413,5.482,6.218,6.194,6.241,6.692,6.676,6.716,-999.000,-999.000,-999.000,10.727,12.030,2.583,2.569,2.622,-999.000,-999.000,-999.000,-999.000,-999.000,-999.000,7.250,7.216,7.279,-5.126,-5.367,-5.424,-9.413,0.693,0.690,0.693,0.739,0.701,0.703,0.686,0.737,0.558,,,,,,,,
2024-12-13,12,0.916,0.613,1.197,0.915,0.613,1.188,0.909,0.589,1.225,0.898,0.576,1.224,0.562,0.262,0.839,0.819,86.783,42.896,5.193,311.653,321.623,27.733,42.853,0.000,310.360,0.000,7900.733,0.000,-999.000,-999.000,102.810,0.200,0.200,3.912,6.400,142.538,3.261,5.860,143.291,0.324,5.393,5.354,5.427,6.182,6.155,6.211,6.676,6.657,6.696,-999.000,-999.000,-999.000,10.727,12.033,2.621,2.566,2.649,-999.000,-999.000,-999.000,-999.000,-999.000,-999.000,7.249,7.223,7.276,-5.294,-5.452,-5.439,-8.364,0.694,0.690,0.694,0.739,0.701,0.703,0.686,0.738,0.558,,,,,,,,
2024-12-13,13,0.680,0.609,0.844,0.690,0.610,0.874,0.693,0.566,0.900,0.681,0.551,0.884,0.294,0.203,0.407,0.590,87.583,30.359,2.058,311.222,320.345,19.178,30.311,0.000,309.665,0.000,7904.400,0.000,-999.000,-999.000,102.740,0.200,0.200,3.664,5.900,133.642,2.971,5.140,134.850,0.328,5.329,5.292,5.364,6.139,6.119,6.168,6.633,6.601,6.663,-999.000,-999.000,-999.000,10.737,12.040,2.492,2.398,2.583,-999.000,-999.000,-999.000,-999.000,-999.000,-999.000,7.218,7.177,7.244,-5.395,-5.492,-5.387,-10.578,0.693,0.690,0.693,0.739,0.701,0.703,0.686,0.737,0.558,,,,,,,,
2024-12-13,14,0.868,0.794,0.966,0.868,0.805,0.940,0.936,0.858,1.015,0.916,0.834,0.985,0.405,0.368,0.427,0.813,88.970,21.448,0.041,312.115,320.680,13.024,21.415,0.000,310.985,0.000,7937.250,0.000,-999.000,-999.000,102.689,0.200,0.200,3.193,5.320,146.901,2.683,4.690,149.677,0.330,5.287,5.272,5.298,6.118,6.099,6.129,6.619,6.600,6.637,-999.000,-999.000,-999.000,10.743,12.034,2.399,2.379,2.422,-999.000,-999.000,-999.000,-999.000,-999.000,-999.000,7.208,7.184,7.227,-5.453,-5.516,-5.358,-11.400,0.693,0.690,0.693,0.739,0.701,0.703,0.686,0.737,0.558,,,,,,,,
