2023-07-27,01,14.943,14.331,15.827,14.953,14.338,15.813,15.046,14.410,15.890,15.046,14.420,15.880,13.650,13.237,14.114,14.997,79.988,0.000,0.000,384.205,385.043,4.540,0.086,0.000,377.347,0.000,6896.150,0.190,-999.000,-999.000,100.926,0.200,0.200,3.152,7.160,208.546,2.205,6.200,207.389,0.827,17.368,17.321,17.422,17.739,17.680,17.789,17.553,17.538,17.566,-999.000,-999.000,-999.000,15.007,13.092,15.977,15.714,16.132,-999.000,-999.000,-999.000,-999.000,-999.000,-999.000,18.560,18.529,18.588,-2.634,-2.325,-3.290,-21.552,0.196,0.249,0.226,0.610,0.235,0.314,0.354,0.604,0.431,,,,,,,,
2023-07-27,02,14.583,14.191,14.988,14.582,14.166,14.996,14.652,14.260,15.120,14.628,14.250,15.060,13.861,13.633,14.002,14.568,90.280,0.000,0.000,392.843,385.348,10.315,0.000,0.000,386.578,0.000,7026.300,1.040,-999.000,-999.000,100.871,0.200,0.200,3.063,5.390,216.622,2.187,4.210,215.148,0.827,17.241,17.159,17.317,17.677,17.642,17.719,17.552,17.540,17.567,-999.000,-999.000,-999.000,15.011,13.085,15.635,15.563,15.718,-999.000,-999.000,-999.000,-999.000,-999.000,-999.000,18.553,18.535,18.568,-2.649,-2.264,-3.314,-23.316,0.196,0.249,0.226,0.610,0.235,0.314,0.354,0.604,0.431,,,,,,,,
2023-07-27,03,14.096,13.999,14.208,14.085,13.998,14.200,14.186,14.100,14.260,14.158,14.070,14.250,13.712,13.603,13.912,14.091,95.033,0.000,0.000,395.822,384.728,14.573,0.000,0.000,388.622,0.000,6771.783,1.500,-999.000,-999.000,100.781,0.200,0.200,2.329,4.260,165.543,1.531,3.100,161.931,0.827,17.119,17.064,17.175,17.620,17.577,17.653,17.550,17.541,17.564,-999.000,-999.000,-999.000,15.003,13.103,15.534,15.471,15.584,-999.000,-999.000,-999.000,-999.000,-999.000,-999.000,18.538,18.522,18.562,-2.822,-2.128,-3.507,-21.930,0.198,0.249,0.226,0.610,0.235,0.314,0.354,0.604,0.430,,,,,,,,
2023-07-27,04,13.970,13.819,14.199,13.959,13.800,14.166,14.017,13.850,14.240,14.003,13.820,14.230,13.725,13.611,13.912,13.936,96.613,0.013,0.000,393.665,384.875,12.254,0.151,0.000,385.133,0.000,6377.033,1.430,-999.000,-999.000,100.671,0.200,0.200,3.226,5.170,145.162,2.322,4.210,145.227,0.826,17.008,16.942,17.061,17.539,17.485,17.587,17.536,17.515,17.552,-999.000,-999.000,-999.000,15.001,13.109,15.387,15.284,15.482,-999.000,-999.000,-999.000,-999.000,-999.000,-999.000,18.537,18.516,18.564,-2.990,-2.012,-3.746,-21.630,0.214,0.266,0.234,0.627,0.243,0.318,0.356,0.606,0.435,,,,,,,,
2023-07-27,05,13.913,13.809,14.114,13.903,13.804,14.079,13.938,13.850,14.110,13.935,13.820,14.130,13.700,13.602,13.908,13.886,96.468,1.892,0.000,391.345,384.825,11.878,2.693,0.000,383.647,0.000,6580.600,0.870,-999.000,-999.000,100.561,0.200,0.200,4.239,6.600,147.047,3.271,5.750,147.487,0.825,16.914,16.860,16.963,17.458,17.425,17.501,17.530,17.513,17.544,-999.000,-999.000,-999.000,15.001,13.096,15.210,15.168,15.284,-999.000,-999.000,-999.000,-999.000,-999.000,-999.000,18.560,18.537,18.585,-3.135,-1.972,-4.036,-21.499,0.219,0.277,0.253,0.633,0.243,0.315,0.357,0.625,0.463,,,,,,,,
2023-07-27,06,14.378,14.094,14.614,14.371,14.076,14.619,14.424,14.110,14.700,14.424,14.130,14.670,14.274,13.922,14.666,14.380,96.470,17.887,1.022,393.172,387.745,22.845,18.625,0.000,386.003,0.000,6143.533,2.490,-999.000,-999.000,100.479,0.200,0.200,4.702,7.790,166.878,3.546,6.390,165.770,0.824,16.784,16.700,16.874,17.388,17.339,17.435,17.499,17.477,17.534,-999.000,-999.000,-999.000,14.996,13.098,15.301,15.175,15.453,-999.000,-999.000,-999.000,-999.000,-999.000,-999.000,18.542,18.509,18.571,-3.268,-2.015,-4.272,-18.286,0.221,0.297,0.283,0.640,0.244,0.317,0.359,0.639,0.481,,,,,,,,
2023-07-27,07,15.044,14.617,15.511,15.048,14.612,15.536,15.108,14.690,15.560,15.103,14.680,15.560,15.243,14.693,15.713,15.068,96.855,48.836,8.003,398.308,392.977,46.164,49.840,0.000,391.395,0.000,6204.900,0.970,-999.000,-999.000,100.428,0.200,0.200,4.259,7.370,186.090,3.152,6.590,184.920,0.823,16.705,16.675,16.733,17.311,17.281,17.348,17.473,17.443,17.500,-999.000,-999.000,-999.000,14.997,13.092,15.828,15.451,16.216,-999.000,-999.000,-999.000,-999.000,-999.000,-999.000,18.543,18.516,18.567,-3.253,-2.054,-4.326,-10.001,0.223,0.310,0.306,0.664,0.246,0.320,0.376,0.652,0.487,,,,,,,,
2023-07-27,08,15.973,15.501,16.449,15.979,15.479,16.445,16.039,15.540,16.520,16.045,15.540,16.520,16.366,15.749,17.028,16.035,95.918,97.947,20.107,402.107,399.305,80.642,98.721,0.000,391.043,0.000,6509.650,-999.000,-999.000,-999.000,100.387,0.200,0.200,5.278,8.720,200.237,3.921,7.240,199.205,0.823,16.750,16.688,16.799,17.253,17.216,17.307,17.444,17.408,17.472,-999.000,-999.000,-999.000,14.997,13.086,16.721,16.246,17.257,-999.000,-999.000,-999.000,-999.000,-999.000,-999.000,18.539,18.501,18.574,-2.754,-1.873,-3.773,-0.011,0.222,0.312,0.301,0.668,0.245,0.320,0.376,0.652,0.483,,,,,,,,
2023-07-27,09,16.688,16.393,16.998,16.675,16.359,17.000,16.766,16.460,17.080,16.753,16.440,17.070,17.402,16.899,18.011,16.729,96.065,139.951,29.645,407.147,404.637,112.816,140.927,0.000,401.735,0.000,5598.400,-999.000,-999.000,-999.000,100.344,0.200,0.200,5.064,8.500,210.929,3.929,6.520,209.589,0.823,16.882,16.788,16.966,17.205,17.178,17.242,17.414,17.379,17.443,-999.000,-999.000,-999.000,14.996,13.091,17.795,17.271,18.265,-999.000,-999.000,-999.000,-999.000,-999.000,-999.000,18.536,18.507,18.570,-1.834,-1.403,-2.652,9.743,0.220,0.312,0.291,0.662,0.245,0.318,0.372,0.648,0.481,,,,,,,,
2023-07-27,10,17.197,16.897,17.532,17.190,16.893,17.533,17.256,16.970,17.660,17.244,16.960,17.640,17.996,17.378,18.812,17.219,95.840,181.386,40.356,410.455,408.305,143.180,182.292,0.000,398.990,0.000,5958.900,-999.000,-999.000,-999.000,100.338,0.200,0.200,5.440,8.710,225.180,4.187,7.920,223.794,0.822,17.070,16.959,17.206,17.187,17.156,17.208,17.383,17.358,17.400,-999.000,-999.000,-999.000,15.002,13.110,18.549,18.160,19.213,-999.000,-999.000,-999.000,-999.000,-999.000,-999.000,18.525,18.501,18.564,-0.638,-0.739,-1.286,13.369,0.225,0.317,0.308,0.662,0.246,0.320,0.381,0.656,0.487,,,,,,,,
2023-07-27,11,17.915,17.412,18.486,17.898,17.409,18.471,17.974,17.430,18.480,17.971,17.430,18.490,19.211,18.581,20.151,17.950,93.513,276.347,64.615,415.608,414.705,212.635,275.708,0.033,401.123,0.000,6767.000,-999.000,-999.000,-999.000,100.335,0.200,0.200,5.870,11.250,231.330,4.537,9.950,230.219,0.821,17.331,17.202,17.464,17.178,17.144,17.212,17.372,17.336,17.404,-999.000,-999.000,-999.000,14.997,13.094,19.899,19.259,20.488,-999.000,-999.000,-999.000,-999.000,-999.000,-999.000,18.544,18.506,18.581,0.601,-0.004,0.106,24.118,0.223,0.319,0.305,0.665,0.246,0.319,0.379,0.656,0.484,,,,,,,,
2023-07-27,12,18.484,18.188,18.871,18.462,18.183,18.834,18.522,18.250,18.890,18.511,18.230,18.900,19.207,18.565,19.833,18.487,90.922,209.881,47.864,409.688,414.700,157.005,209.573,0.001,402.340,0.000,6793.433,-999.000,-999.000,-999.000,100.321,0.200,0.200,6.016,10.180,228.307,4.638,8.040,227.768,0.821,17.645,17.477,17.771,17.180,17.152,17.200,17.355,17.310,17.372,-999.000,-999.000,-999.000,14.990,13.083,20.321,20.045,20.560,-999.000,-999.000,-999.000,-999.000,-999.000,-999.000,18.553,18.529,18.571,2.015,0.854,1.758,21.532,0.222,0.316,0.295,0.662,0.245,0.319,0.375,0.653,0.479,,,,,,,,
2023-07-27,13,18.840,18.514,19.128,18.837,18.522,19.116,18.897,18.590,19.190,18.872,18.560,19.150,19.895,19.232,20.490,18.841,91.970,272.127,64.071,408.243,418.600,197.699,272.725,0.072,404.372,0.000,6528.433,-999.000,-999.000,-999.000,100.318,0.200,0.200,6.525,11.020,230.778,5.109,9.580,230.403,0.820,17.846,17.738,17.977,17.230,17.194,17.262,17.310,17.288,17.328,-999.000,-999.000,-999.000,14.998,13.102,20.841,20.484,21.158,-999.000,-999.000,-999.000,-999.000,-999.000,-999.000,18.525,18.500,18.559,2.873,1.557,2.843,22.717,0.220,0.310,0.289,0.659,0.245,0.317,0.372,0.649,0.477,,,,,,,,
2023-07-27,14,18.782,18.536,19.078,18.789,18.535,19.074,18.826,18.560,19.190,18.808,18.560,19.130,19.644,18.991,20.678,18.767,94.497,226.447,51.167,414.958,417.288,172.950,227.115,0.017,405.190,0.000,5854.750,-999.000,-999.000,-999.000,100.328,0.200,0.200,6.855,11.200,239.045,5.256,10.610,238.617,0.819,18.096,17.977,18.217,17.282,17.236,17.329,17.307,17.275,17.328,-999.000,-999.000,-999.000,15.013,13.100,21.098,20.793,21.405,-999.000,-999.000,-999.000,-999.000,-999.000,-999.000,18.527,18.487,18.556,3.373,2.170,3.827,21.165,0.219,0.305,0.285,0.660,0.245,0.317,0.371,0.646,0.479,,,,,,,,
2023-07-27,15,18.870,18.629,19.344,18.872,18.641,19.375,18.933,18.700,19.340,18.929,18.680,19.350,19.795,19.091,20.718,18.869,93.808,253.680,58.022,421.905,418.563,199.000,253.529,0.208,403.912,0.000,6433.400,-999.000,-999.000,-999.000,100.345,0.200,0.200,6.728,11.060,245.245,5.278,9.060,245.390,0.818,18.314,18.206,18.407,17.351,17.313,17.398,17.290,17.276,17.309,-999.000,-999.000,-999.000,14.992,13.105,21.262,20.870,21.725,-999.000,-999.000,-999.000,-999.000,-999.000,-999.000,18.504,18.477,18.541,3.848,2.720,4.440,19.159,0.224,0.313,0.288,0.657,0.247,0.321,0.373,0.650,0.484,,,,,,,,
2023-07-27,16,18.642,18.439,18.843,18.640,18.442,18.817,18.703,18.490,18.870,18.698,18.500,18.880,18.934,18.512,19.228,18.644,92.823,145.010,30.903,417.013,413.462,117.659,146.012,0.000,402.060,0.000,6619.317,-999.000,-999.000,-999.000,100.355,0.200,0.200,6.810,10.790,241.859,5.223,9.780,241.266,0.817,18.503,18.401,18.557,17.417,17.372,17.451,17.299,17.279,17.328,-999.000,-999.000,-999.000,14.993,13.098,20.699,20.441,21.153,-999.000,-999.000,-999.000,-999.000,-999.000,-999.000,18.509,18.480,18.543,4.089,3.115,4.788,8.570,0.224,0.313,0.289,0.656,0.247,0.320,0.373,0.650,0.481,,,,,,,,
2023-07-27,17,18.307,18.000,18.717,18.303,18.014,18.695,18.370,18.050,18.730,18.356,18.050,18.740,18.592,18.159,19.255,18.304,94.013,144.020,30.175,414.865,411.703,117.007,145.782,0.000,399.583,0.000,6124.167,-999.000,-999.000,-999.000,100.359,0.200,0.200,7.434,12.050,244.761,5.792,10.650,244.638,0.816,18.549,18.530,18.563,17.483,17.438,17.564,17.322,17.290,17.343,-999.000,-999.000,-999.000,14.999,13.093,20.260,19.953,20.553,-999.000,-999.000,-999.000,-999.000,-999.000,-999.000,18.519,18.486,18.544,3.829,3.197,4.521,3.916,0.223,0.311,0.286,0.656,0.246,0.319,0.371,0.649,0.478,,,,,,,,
2023-07-27,18,18.041,17.904,18.248,18.044,17.906,18.279,18.125,18.000,18.340,18.117,17.990,18.340,17.901,17.640,18.272,18.037,94.217,57.189,9.913,411.905,407.735,51.446,58.447,0.000,398.542,0.000,6443.417,-999.000,-999.000,-999.000,100.363,0.200,0.200,6.564,11.640,239.773,5.083,9.240,239.091,0.814,18.560,18.523,18.599,17.561,17.542,17.582,17.342,17.297,17.378,-999.000,-999.000,-999.000,15.000,13.106,19.560,19.153,19.940,-999.000,-999.000,-999.000,-999.000,-999.000,-999.000,18.512,18.466,18.544,3.337,3.076,3.967,-3.410,0.221,0.308,0.285,0.657,0.246,0.319,0.370,0.647,0.478,,,,,,,,
2023-07-27,19,17.861,17.783,17.944,17.858,17.780,17.927,17.901,17.840,18.000,17.891,17.830,17.970,17.524,17.323,17.729,17.839,95.467,15.900,0.772,411.397,406.002,22.151,16.142,0.000,400.940,0.000,6363.133,-999.000,-999.000,-999.000,100.371,0.200,0.200,5.191,9.760,236.646,4.055,7.630,235.418,0.813,18.471,18.414,18.529,17.612,17.556,17.651,17.356,17.345,17.371,-999.000,-999.000,-999.000,15.025,13.102,18.879,18.589,19.130,-999.000,-999.000,-999.000,-999.000,-999.000,-999.000,18.505,18.475,18.534,2.637,2.778,3.136,-8.808,0.221,0.306,0.281,0.657,0.246,0.319,0.369,0.646,0.477,,,,,,,,
2023-07-27,20,17.688,17.585,17.840,17.698,17.580,17.831,17.739,17.630,17.860,17.722,17.590,17.880,17.238,17.168,17.346,17.671,95.927,1.765,0.000,410.307,404.428,11.499,2.695,0.000,401.095,0.000,5906.633,-999.000,-999.000,-999.000,100.404,0.200,0.200,5.546,8.930,239.484,4.280,7.520,238.883,0.812,18.364,18.316,18.427,17.672,17.641,17.703,17.359,17.338,17.382,-999.000,-999.000,-999.000,15.014,13.132,18.373,18.212,18.605,-999.000,-999.000,-999.000,-999.000,-999.000,-999.000,18.476,18.455,18.508,1.876,2.408,2.266,-11.029,0.222,0.307,0.279,0.656,0.245,0.320,0.368,0.645,0.476,,,,,,,,
2023-07-27,21,17.636,17.559,17.754,17.651,17.567,17.759,17.691,17.630,17.830,17.690,17.580,17.810,17.151,17.108,17.191,17.638,95.945,0.000,0.000,410.740,404.262,10.315,0.000,0.000,401.337,0.000,6568.250,-999.000,-999.000,-999.000,100.418,0.200,0.200,5.029,8.430,236.681,3.907,7.180,235.833,0.810,18.272,18.227,18.326,17.704,17.686,17.726,17.381,17.355,17.406,-999.000,-999.000,-999.000,15.002,13.123,18.104,18.001,18.212,-999.000,-999.000,-999.000,-999.000,-999.000,-999.000,18.454,18.439,18.478,1.216,2.048,1.500,-10.596,0.224,0.313,0.282,0.656,0.245,0.322,0.368,0.646,0.476,,,,,,,,
2023-07-27,22,17.680,17.612,17.774,17.687,17.604,17.792,17.753,17.680,17.850,17.729,17.660,17.840,17.136,17.115,17.158,17.660,95.873,0.000,0.000,411.197,404.277,11.109,0.000,0.000,398.338,0.000,6360.200,-999.000,-999.000,-999.000,100.419,0.200,0.200,4.503,7.450,233.035,3.502,6.540,231.516,0.809,18.193,18.151,18.237,17.720,17.703,17.736,17.402,17.375,17.419,-999.000,-999.000,-999.000,15.003,13.126,17.958,17.912,18.011,-999.000,-999.000,-999.000,-999.000,-999.000,-999.000,18.444,18.419,18.462,0.738,1.749,0.938,-9.625,0.225,0.315,0.293,0.658,0.245,0.322,0.368,0.650,0.474,,,,,,,,
2023-07-27,23,17.606,17.516,17.701,17.621,17.524,17.719,17.675,17.590,17.730,17.667,17.580,17.730,16.988,16.762,17.138,17.606,96.168,0.000,0.000,405.058,403.570,5.603,0.000,0.000,386.432,0.000,6471.533,-999.000,-999.000,-999.000,100.425,0.200,0.200,5.077,7.770,231.138,3.776,6.780,229.549,0.808,18.131,18.098,18.164,17.725,17.709,17.742,17.417,17.398,17.435,-999.000,-999.000,-999.000,15.001,13.124,17.795,17.625,17.915,-999.000,-999.000,-999.000,-999.000,-999.000,-999.000,18.434,18.413,18.452,0.426,1.520,0.566,-9.519,0.225,0.314,0.288,0.656,0.244,0.320,0.367,0.648,0.473,,,,,,,,
2023-07-27,24,17.726,17.621,17.833,17.742,17.633,17.838,17.787,17.680,17.850,17.785,17.690,17.870,17.128,17.013,17.184,17.717,95.718,0.000,0.000,402.980,404.457,3.715,0.016,0.000,397.927,0.000,6802.083,-999.000,-999.000,-999.000,100.428,0.200,0.200,4.073,6.810,236.046,3.149,5.410,235.572,0.806,18.073,18.041,18.105,17.723,17.706,17.739,17.427,17.408,17.442,-999.000,-999.000,-999.000,14.997,13.126,17.706,17.628,17.760,-999.000,-999.000,-999.000,-999.000,-999.000,-999.000,18.425,18.409,18.442,0.183,1.333,0.256,-8.803,0.225,0.313,0.286,0.655,0.244,0.320,0.367,0.646,0.471,,,,,,,,
